1836.5769825365123	0.4244787936314754	2.4284457659727536	0.09908297582496182	0.09774005620782898
1836.627663043718	0.42454517116119656	2.431094852412116	0.09909831944038858	0.09775367895319614
1836.7035083158048	0.4245889918999466	2.432568413400759	0.09911664341472894	0.09776787685539742
1836.7806761237782	0.4246118971498863	2.4330948173357	0.0991320455955363	0.0977780940924196
1836.8358454847871	0.4246296107468085	2.4335312409182848	0.09913949258600484	0.097784198245489
1836.855448584264	0.4246575867711513	2.434659503221951	0.09913581948030488	0.09779121849229087
1836.8410367705783	0.4246989963553117	2.436611948219195	0.09911986387588076	0.09780434239057216
1836.806913011287	0.42474296752635277	2.438807674590919	0.09909214025245107	0.09782243038302094
1836.7712806027055	0.4247745735896465	2.4404582303820916	0.09905488117797105	0.09783691282129925
1836.7479186178623	0.4247879766987967	2.4412118394592426	0.09901261497297734	0.0978378890156271
1836.743789600939	0.42478933312036293	2.441299577913526	0.09897220462690645	0.0978219280956587
1836.7610649390272	0.42478595877250647	2.4410357889742613	0.09894119541552436	0.09779435617787763
1836.7986568346441	0.42477427779672433	2.440267004914972	0.09892500531453584	0.0977647129857394
1836.8513294601487	0.4247409467181416	2.438428247159834	0.09892501178278995	0.09774072189442658
1836.909141920549	0.4246765401419501	2.4351612445466913	0.09893890922031785	0.09772604181758375
1836.9604383035166	0.4245880767746771	2.430857298367812	0.09896255840408899	0.0977218040619551
1836.9971337255313	0.4244982998901533	2.426590031547164	0.09899142052277034	0.09772832614667445
1837.0178674043198	0.4244313740276378	2.4234524350843003	0.09902078568135547	0.09774460343142595
1837.0271590325083	0.42439637795173146	2.421821998932842	0.09904579815343904	0.09776678805270402
1837.0326492641275	0.4243824891023845	2.4211632432637202	0.09906239153956083	0.09778835657196548
1837.0427958236687	0.4243695870923343	2.420518507895224	0.09906898110267981	0.09780248452497445
1837.0650791957107	0.4243447638347672	2.4192601400248464	0.09906793476800442	0.09780481385364871
1837.1035467665579	0.4243116619126412	2.417525296358974	0.09906565207541465	0.09779507224027449
1837.1560364654308	0.4242873064021823	2.416091697525701	0.09907037910157872	0.09777696059183225
1837.2137341509133	0.4242923487709391	2.415942823106718	0.09908818795265184	0.0977562774822623
1837.2650878565685	0.42434411150009516	2.417930821944708	0.09911927625066734	0.09773846360377132
1837.3018728597876	0.4244545305481667	2.4226453395621093	0.09915720893903801	0.09772740774500592
1837.322674579827	0.42462818735025304	2.4303029656387025	0.0991919400642323	0.09772588672130109
1837.3320369805392	0.42485816106654467	2.4405663876477206	0.09921469631861965	0.09773598068373222
1837.337573719067	0.4251230011482493	2.452425902419691	0.09922153539780039	0.09775782759205229
1837.3476224882588	0.425388291508278	2.464282708091389	0.09921364592530146	0.0977875606631999
1837.369710258805	0.42561401718976766	2.4742882655363587	0.09919518904693098	0.09781737583283245
1837.4087974362728	0.42576668074072727	2.480900916369535	0.0991710902575077	0.09783929077143548
1837.4654279947106	0.4258310315602072	2.4834279146110703	0.09914612797427916	0.09785016774831352
1837.5356088686358	0.425814927977647	2.482247215086204	0.09912465961220242	0.09785358244464433
1837.6132639356285	0.4257444815542946	2.4785732460634904	0.0991099459341637	0.09785675845846223
1837.6926616494686	0.42565141363002845	2.4738709556939398	0.09910327494730463	0.09786523450841726
1837.7677427287786	0.4255586620252774	2.4692117347299245	0.09910383201438462	0.0978796325043229
1837.829857927094	0.42547230587022367	2.464925108924831	0.09910959802679595	0.09789642775951414
1837.868068863623	0.42538470269868506	2.460738483206626	0.09911848689580403	0.09791099401668898
1837.8727658902726	0.42528584964626365	2.4562647903835	0.09912860304635535	0.09792002860147185
1837.839825103188	0.42517410363660274	2.451457311609431	0.09913763552583083	0.09792183771877185
1837.7731453183005	0.42505952410565995	2.4467429837806662	0.09914285113401058	0.09791501019881242
1837.6849564511692	0.4249599835328276	2.4428450935765227	0.09914250592357107	0.0978974916398931
1837.5937939221062	0.42489355344970053	2.4404542753613896	0.09913743377244012	0.09786799706489037
1837.5204675005655	0.42487022794243406	2.4398834439157326	0.0991310674393945	0.09782924874510311
1837.482494556107	0.4248871144227018	2.4408885659132125	0.09912764968208956	0.09778957377234358
1837.4883120148463	0.42493118999875207	2.4428301156788734	0.0991298100164318	0.09775977190296717
1837.5345496299403	0.42498731561450215	2.4450503380887767	0.0991370231091437	0.09774666357514097
1837.6085360835732	0.4250432318363968	2.4470810734462134	0.09914600137201782	0.09774892072165878
1837.6935813713196	0.42508753043931635	2.448518287529282	0.09915276330191418	0.09775943943713765
1837.7726918128299	0.425106400309613	2.4488518075082766	0.09915486930374774	0.09777202673507922
1837.8303257427385	0.42508673832091765	2.4475938635293915	0.09915249147740429	0.09778557746584722
1837.8551316286073	0.42502426681454925	2.44462629885453	0.09914792368797555	0.09780221202102576
1837.8440570248067	0.4249275295379474	2.440353380977399	0.09914388235174544	0.09782286921815499
1837.804617586038	0.4248120507184466	2.4354241826866314	0.09914172031671849	0.09784552560336852
1837.7523156801021	0.4246894286651115	2.4302591527950312	0.09914088019593333	0.0978667696296937
1837.7035574382467	0.42456247634231564	2.4248781273099667	0.09913978899309861	0.09788389312415062
1837.6685088383667	0.42443299881347074	2.419296161776458	0.09913706219656217	0.09789531689597719
1837.6488924974483	0.4243158090270648	2.4141665646837964	0.0991319626907022	0.0978995912366143
1837.6413681456877	0.42424295073238605	2.4109476989399923	0.09912429453808055	0.0978946961629007
1837.6429039816385	0.4242479541953739	2.411162111331066	0.09911454601596635	0.09787927275124499
1837.6541139482224	0.424339078717569	2.415176398062215	0.0991042362475867	0.09785600425452434
1837.6786210965238	0.42448405060629396	2.4215209930519563	0.09909559397770273	0.097834427918839
1837.719052593916	0.4246213499624362	2.4274196293396813	0.0990905340568116	0.09782841189386425
1837.772580625524	0.42469224074676964	2.430253660868516	0.09908972854196493	0.09784697126790516
1837.8299582746301	0.42467213891106814	2.428978380054616	0.09909204369468838	0.09788485940203925
1837.8797447759093	0.4245801812744984	2.4245274655330036	0.09909435290488462	0.09792263644749905
1837.9145446578827	0.4244613888006875	2.41897068444689	0.09909228429680832	0.09793836542404523
1837.93410871561	0.4243555698585323	2.4140961797232876	0.099082252023934	0.09792159147340988
1837.9436775558474	0.4242757194108046	2.4104523389793258	0.09906375956188937	0.09787823834240554
1837.9499447014468	0.42420880203355843	2.407410511215403	0.09904009275229668	0.0978243902526935
1837.9575043088655	0.4241322979970866	2.4039308420812517	0.09901652461481945	0.09777625527906186
1837.967225065111	0.42402935018016813	2.399252195886163	0.09899726049171427	0.09774382091801856
1837.9771250472586	0.4238927740174244	2.393066213645511	0.0989834456758818	0.09772968486890213
1837.985736032666	0.42372226280396585	2.3853699530758377	0.09897367655803926	0.09773043392006876
1837.996058129548	0.42352357977772687	2.376403584108857	0.09896637236057393	0.09773885974072898
1838.0161381273313	0.4233121019703458	2.3668046442058426	0.09896184883777656	0.09774750405815223
1838.0541995108629	0.4231155170435096	2.3577592732514745	0.09896244513111045	0.09775297218858144
1838.1117713921599	0.4229686550503163	2.350814685005332	0.09897077541369015	0.09775758087646126
1838.180563697034	0.422899529932398	2.347275668022405	0.09898727831835057	0.09776584186018354
1838.2452552023685	0.42291564529821574	2.3475759514163315	0.09900839275475577	0.09777847448183197
1838.2897033740765	0.42300177542313755	2.351139708040364	0.09902639430715007	0.09778979285396769
1838.3034134878276	0.4231296047961101	2.35676974927145	0.09903144315994095	0.0977915718952011
1838.2863530002874	0.4232689533826601	2.3631168717855076	0.09901554469693168	0.09778032787681715
1838.2497200510836	0.4233935622852169	2.368933072686332	0.09897655911176009	0.09776085644801048
1838.2113673314304	0.4234840601589688	2.373234367061741	0.09891946752889967	0.09774190877535949
1838.1881115947467	0.42353137835654175	2.3755044774429734	0.09885381339801104	0.09772794822792136
1838.1888167085115	0.4235379989505692	2.3757963861539224	0.098789459954004	0.09771512739909038
1838.2118133723611	0.42351471846035355	2.374604348670516	0.09873397049241847	0.09769548085942087
1838.2477278434355	0.42347603621547236	2.3726387251209076	0.09869260910192762	0.09766524475838907
1838.2844646560407	0.42343737033255596	2.3706686252548934	0.09866895935355868	0.09762923201439919
1838.3108850850388	0.4234125083486854	2.3693837397099173	0.09866414513797724	0.09759751763597967
1838.3194215377023	0.4234091070354302	2.3691759691694187	0.09867554205828863	0.09757837640893134
1838.308107646181	0.4234249812256388	2.3699602377319025	0.0986975082056811	0.09757374295051034
1838.2797445295316	0.4234503130286544	2.371278815420169	0.09872440451092711	0.0975794252502553
1838.2377280600754	0.423475239862967	2.372668064714503	0.09875309985931612	0.0975882161453603
1838.1828670763762	0.4234949479129716	2.373907163299407	0.09878239856109292	0.09759341018535388
1838.1145178848533	0.42350634837295204	2.3748619477458988	0.09881014397711516	0.09759152445930697
1838.0339146125048	0.42350051422272167	2.375124613213302	0.0988313596780942	0.09758394277848766
1837.945804857695	0.42346096493824953	2.3739263740872047	0.0988398924133381	0.09757673204337636
1837.8578918452654	0.4233721621944593	2.370521885629614	0.09883259701495645	0.0975775477083587
1837.7798655800552	0.4232316944107254	2.3647414260856863	0.0988125253366905	0.09759048216333618
1837.7220328888445	0.4230557266623973	2.357243192909209	0.09878831208605018	0.0976124808741065
1837.692801878628	0.42287370027963506	2.349290908465264	0.09877008183092834	0.09763464279240858
1837.6959013900262	0.4227171006478771	2.342268265381108	0.09876478037639577	0.0976477568551251
1837.7283060348557	0.4226096710981375	2.3372551171698888	0.09877391042454725	0.0976479235652104
1837.7792698574103	0.42256239911738674	2.334810944507808	0.09879441841545168	0.09763825398058719
1837.8318032999662	0.42257214560034595	2.334905097206672	0.0988210279129411	0.09762585321159932
1837.867732525263	0.4226223781980607	2.3369168466272754	0.0988480770464031	0.09761673914194102
1837.8744921539096	0.4226867435836967	2.339750240475439	0.09887051201186048	0.09761235961237244
1837.8498934281251	0.4227367215074096	2.342144560622046	0.09888452056536151	0.09760971521735406
1837.8024479277408	0.42275132517892394	2.3431059046287146	0.09888804584952132	0.0976043793024896
1837.7467206638416	0.4227234847310533	2.3422233653668627	0.09888126586045498	0.09759402964196695
1837.6953321035812	0.4226595877471457	2.3397007786609265	0.09886680201290929	0.09758049948851581
1837.6522882505897	0.4225740257680192	2.3361559717580462	0.09884897975949694	0.09756950160107163
1837.6124645902769	0.42248299035587106	2.3323463185013793	0.09883219567029028	0.09756776736323304
1837.5673229162635	0.422400168007213	2.3289389606925965	0.09881979267555581	0.0975787789222573
1837.5119569817919	0.4223353526342604	2.326403110861918	0.09881432633680079	0.09760014892706591
1837.4478075007366	0.4222954011016601	2.3250353268417143	0.09881784643048167	0.09762463369050828
1837.379504809895	0.42228420709823516	2.3249791202089796	0.09883047457169249	0.09764365872321314
1837.3102356210675	0.42229835086988	2.3260609935477987	0.09884837045485004	0.09765088894266671
1837.2412355930553	0.4223209837791473	2.327520599842842	0.09886402247202296	0.09764429548247343
1837.175118014712	0.422322251021638	2.3280076165510195	0.0988696752577885	0.09762654687593474
1837.1175508762983	0.4222709720776648	2.326092283610137	0.09886157467776642	0.09760418133205101
1837.0744025672918	0.42215127467317726	2.3210272083753125	0.09884211305936073	0.09758552379956115
1837.047689911364	0.42197174061932624	2.3131826353234146	0.09881830006876606	0.09757702084435944
1837.0346580283194	0.42176069894313195	2.30384289341049	0.09879707549164359	0.0975796090337054
1837.0301397542173	0.4215528270248582	2.2945943045077115	0.0987805731651929	0.0975884578062995
1837.0294488482627	0.4213770119949308	2.2867640849823943	0.09876528354645098	0.09759700182643936
1837.0297471515757	0.42125067720756465	2.281149700620972	0.09874593575403368	0.09760190753220857
1837.0298441358327	0.4211791328065924	2.27797742924065	0.09872054396544688	0.09760453810337189
1837.0295530430822	0.42115700176662196	2.2769830273474554	0.09869245742187902	0.09760798479407849
1837.0296242730894	0.4211715765728153	2.277666644662645	0.09866855888261405	0.09761325889404532
1837.0324130684355	0.4212094205760462	2.2798356140322085	0.09865555132442377	0.09761863421799435
1837.0423790391278	0.42126460263411386	2.28431703847491	0.09865645194085938	0.09762195994976028
1837.0648971105957	0.4213426850336291	2.2933378048453505	0.09866884571717408	0.09762253703754196
1837.1025695624571	0.4214558615908452	2.3099868713666183	0.09868606964222681	0.09762068989523247
1837.150656778523	0.42161276187258523	2.3366919622038154	0.0987008999428951	0.0976165487329074
1837.1957744540077	0.4218117212595295	2.3734025922349247	0.0987090561638807	0.09761029369766036
1837.2211208995982	0.4220415689431681	2.4164978464997375	0.0987099362702322	0.0976040558993365
1837.2160137519145	0.422286111309078	2.4590987884548667	0.09870496240120943	0.0976033267171163
1837.1826630303276	0.42252759708213794	2.49286393412973	0.09869624882394379	0.09761551532323813
1837.1347424274543	0.42274870301925155	2.510786056847735	0.09868705594145795	0.09764566559384241
1837.088915144197	0.422934122114739	2.509863103789712	0.09868234294087566	0.09769206580558522
1837.0560386134848	0.42307196541109826	2.492201042870704	0.09868704665414639	0.09774519248502112
1837.0380998928272	0.42315566310458974	2.4639182424906494	0.0987027017154776	0.0977914730966687
1837.031049501674	0.42318720848732105	2.4326420915508606	0.09872573604953508	0.09782004384100534
1837.0294595498547	0.4231802855889951	2.404983170117532	0.09874950601798048	0.09782822124496823
1837.0295174760097	0.42315940553538994	2.3849415844623536	0.09876837050819796	0.09782179244839721
1837.0296264308236	0.42315211619910775	2.373537852973982	0.09878032986625274	0.09780996106184799
1837.029635962084	0.42317603757930167	2.369421860552791	0.09878662209067633	0.09779895009240441
1837.0297511118788	0.42322807926144623	2.3699117180313465	0.09878947070275945	0.09778910944968985
1837.029470936878	0.42328460171656446	2.372030354431786	0.09879013899800564	0.0977771603655517
1837.026600474435	0.42331467275558676	2.373376259632721	0.09878839640871986	0.09776091122817242
1837.0167864954876	0.4232983526584277	2.372716786559238	0.09878308967268656	0.09774239128419183
1836.9945481211216	0.42323831307924126	2.3701551159977043	0.0987733140651429	0.09772728586000147
1836.9563184300414	0.42315907101355804	2.3668388060671077	0.09875996710861361	0.0977211969533208
1836.904108883187	0.42309603557262676	2.364353361998951	0.09874635388944494	0.09772451836573215
1836.8465345527306	0.4230801045033825	2.3640196545151753	0.09873375833466569	0.09772652445483967
1835.4007418224392	0.37419918347131476	2.4858195489383093	0.0801854385829667	0.08121334809504614
1835.4464805749087	0.37410528863514264	2.4817803691150857	0.08019179146824477	0.08123283918861002
1835.4792411899919	0.374027093265348	2.478451837730063	0.08019982777706039	0.08124601899131158
1835.4971299817428	0.373962315621326	2.475755023643785	0.08020488542468478	0.08125012912889486
1835.5041850166517	0.373898816819069	2.4731799605997367	0.08020185141811116	0.0812483619417996
1835.5057702739628	0.3738232556145291	2.470160495251662	0.08018949538015963	0.08124770560911035
1835.5056458665508	0.3737301865420633	2.4664556516574407	0.08017219642651752	0.08125397385005266
1835.5054401588354	0.37362609605206043	2.4623134803525204	0.08015735542756644	0.08126792341869954
1835.5054503059473	0.37352694744782905	2.4583675833165444	0.08015022990459424	0.08128548893073502
1835.5055510892134	0.37345150498247387	2.4553651591260177	0.08015014466453828	0.08130147679075587
1835.505653198256	0.3734139733740949	2.453871357139974	0.0801510352554065	0.0813132077676049
1835.5057377285407	0.37341858842024145	2.4540544031107743	0.0801459233706974	0.0813211974215662
1835.5057342013552	0.3734576389304866	2.455608011460697	0.08013217391962292	0.08132731740140957
1835.5055425362057	0.37351328929388955	2.4578235014831193	0.08011404989136184	0.08133308718950721
1835.5054478436573	0.3735625643921573	2.459784944473995	0.08010074018835152	0.08133938683718916
1835.5069596074184	0.3735843157645138	2.4606407540972555	0.08010090594941914	0.0813467558186998
1835.5136041912165	0.3735664089788109	2.4598849273758105	0.08011731225621738	0.08135561361981958
1835.5306343240234	0.3735108718662929	2.4575642129370863	0.08014514788021453	0.08136646358829223
1835.5627386923377	0.3734350560043927	2.454339025521392	0.08017500147165692	0.08137956854281721
1835.6103339781873	0.3733674359279981	2.451339695968045	0.08019824334657008	0.08139377038229874
1835.6671953159878	0.37333765976810296	2.449785724586093	0.08021107296497038	0.08140571585311603
1835.7223600155014	0.37336360043919664	2.450458962085065	0.080214828995112	0.08141113260712678
1835.7655543074188	0.3734419594576776	2.453295371156571	0.08021312236007422	0.08140779522104467
1835.7913506214263	0.37354849499918	2.4573666825893383	0.08020854645871972	0.08139783275760809
1835.7986990880786	0.3736482536689756	2.4612892345601836	0.08020174497529195	0.08138759671326463
1835.7877653998255	0.3737102756736125	2.4638292076723474	0.08019322632519536	0.08138529030776874
1835.7584467449635	0.3737195524155002	2.464389089535871	0.08018540115394021	0.08139777646064722
1835.7123866354593	0.3736813067695177	2.4631659630478	0.08018222127897776	0.08142828686384682
1835.6559362757384	0.37361665931185156	2.4609596592717935	0.08018659032490832	0.08147607431170928
1835.599895196922	0.37355299010853626	2.458790018841455	0.08019791932164723	0.08153741080042873
1835.5552786725461	0.37351470847132906	2.4575566786319314	0.0802117696715415	0.08160639129035702
1835.5291777780342	0.3735182253177056	2.4578662834147167	0.08022172032812697	0.0816753216464682
1835.5243661898387	0.37357064863235145	2.459983722605841	0.08022240909854282	0.08173609145604328
1835.5413064584218	0.3736700790997768	2.463831097461707	0.08021232652999855	0.08178266172515922
1835.5786819330635	0.3738065308793804	2.469020614993667	0.08019474934824264	0.0818127152624037
1835.6312714771138	0.37396330196086175	2.474922283291619	0.08017581881698436	0.08182734668777196
1835.6881522944723	0.3741189190747408	2.4807523605038	0.08016081601087516	0.08182987489507891
1835.7347063435532	0.374250562293328	2.4856964146140967	0.08015137121563809	0.08182511830387953
1835.7578909740366	0.3743395172576004	2.489092520374413	0.08014550097270134	0.08181913135017863
1835.7510862915847	0.3743766712323296	2.490619222878479	0.08013990784510905	0.08181865061590866
1835.7162758640466	0.37436435461961814	2.4903549305497563	0.08013249411195739	0.08182968303815351
1835.6634331537018	0.37431284719978	2.48864288353019	0.08012354606760315	0.08185521301870237
1835.6069512626464	0.3742336244988364	2.485846798772002	0.08011537424631014	0.08189289303420749
1835.5598651403718	0.3741334161926034	2.482154645282435	0.08011097980760902	0.08193432305708304
1835.5294139518692	0.37401280686118166	2.4775520238339936	0.08011238580182316	0.08196719700443504
1835.5173120880568	0.3738703681712721	2.4719761372974745	0.08011922410442442	0.0819801374937551
1835.5236722910772	0.37370902892167723	2.4655283224574873	0.08012834138050362	0.0819681234321002
1835.5502708612735	0.37353959348929533	2.458599821532232	0.08013492169227275	0.08193531041357725
1835.6000213386703	0.37337894750146416	2.4518959114703875	0.08013450365533925	0.0818933674913759
1835.6733069371433	0.3732442611526272	2.4464649556184668	0.08012453843334896	0.08185640832742377
1835.764624781396	0.3731466875812899	2.443810581038349	0.08010484562081642	0.0818354033698943
1835.8623084189903	0.37308844987399586	2.4459998967233787	0.08007733870902245	0.0818346882309567
1835.9510076437778	0.37306535088329484	2.4554953453499024	0.08004545176597871	0.08185167462058557
1836.0151667899893	0.3730729597172676	2.474453470644903	0.08001333141930331	0.08187908389797843
1836.0424377141314	0.37311168015762397	2.5036162644389037	0.07998498196755063	0.08190807582774304
1836.0263813670235	0.373186473946204	2.541418230958641	0.07996380095924949	0.08193102421785083
1835.9683603377046	0.37330067279733137	2.5839473263735044	0.07995247728189314	0.08194355961768969
1835.8784991654577	0.373447668342944	2.6258665978280646	0.07995254509603875	0.08194566423178531
1835.7742538220107	0.3736076238033949	2.6619222572789454	0.0799634056929564	0.08194103329978057
1835.6754120756418	0.3737551706686658	2.6884278228686185	0.07998189870580143	0.08193436261978726
1835.5973190228112	0.3738753025497568	2.7039830742913864	0.08000345513612694	0.08192828523501032
1835.5464598324088	0.37397351225603404	2.708944075999284	0.08002420737970797	0.08192281208018849
1835.5214237453765	0.3740669428811408	2.7040338483179767	0.08004239105176982	0.08191804097033369
1835.517992846997	0.37416170400547594	2.68931530183238	0.08005820321277635	0.08191711750721246
1835.5336564397032	0.3742384646695131	2.664526307560493	0.08007258906411902	0.08192529399677409
1835.567693779852	0.3742621290716965	2.6305110850065603	0.0800859293788797	0.08194489238686381
1835.6170873563524	0.3742079657006778	2.5904284206152397	0.08009732964937272	0.08197118749843059
1835.672497624923	0.3740819273774031	2.549584738508713	0.08010472662431953	0.08199395363495157
1835.7189309884168	0.3739201696402326	2.5138020958276	0.08010560996804676	0.08200370582138737
1835.7415690297528	0.37377088240458883	2.487287712851355	0.08009810357949132	0.08199770861068989
1835.732625096934	0.3736736635275639	2.4713655140491255	0.08008240600427377	0.08198194792606824
1835.6950202678909	0.3736498329113249	2.464793858172527	0.0800620021791963	0.08196814025840861
1835.6413821338758	0.3737047210943167	2.4651435393981274	0.08004320293994573	0.08196735529678056
1835.5889615180297	0.37383261135583784	2.4700436875368155	0.08003246867939191	0.08198398332048965
1835.5531288149134	0.3740164914314669	2.4775657240435294	0.0800330949439284	0.08201393872127662
1835.5431658928153	0.3742249944539051	2.4859551866927063	0.08004372531851182	0.08204800674316812
1835.5614202980094	0.3744153069270392	2.493409274198825	0.08005982945475922	0.08207745049461135
1835.6036749631944	0.37454538180107994	2.498301944442858	0.08007699381224047	0.08209783436718733
1835.659420069174	0.37458782868724744	2.4996256546024256	0.08009345686157957	0.08210917336140337
1835.7134423720545	0.3745349887133031	2.4971702619335474	0.08011000542845623	0.08211353624975422
1835.749710849023	0.37439433762860425	2.4913304534366603	0.0801276347360217	0.08211269625782747
1835.7555849930582	0.37418321014631567	2.4828780211868207	0.08014514061897876	0.08210751829572112
1835.724346446744	0.37392864544375687	2.47293828535652	0.08015859431604062	0.0820986700365512
1835.6566817445905	0.3736674874766397	2.4629787433866	0.08016288758527727	0.08208733795962929
1835.5618305594828	0.37343957998243	2.454526108882874	0.08015405004871609	0.08207535217392052
1835.4568832165132	0.37327562591845076	2.4486872167727256	0.0801311775908042	0.08206500112373795
1835.362704306689	0.37318851575918993	2.4458337394908654	0.08009763426971037	0.08205880223312324
1835.2976530490664	0.3731736875036896	2.4456620513350913	0.08006099697069335	0.08205890903103784
1835.272084299766	0.37321558594559967	2.4474897696516678	0.08003086680771779	0.08206586400069316
1835.2858063071242	0.3732939394467144	2.450521334086716	0.0800151107313111	0.08207736249177092
1835.3285574528486	0.37338707708574037	2.4539667965729564	0.08001694557382585	0.08208827298261026
1835.3829489460788	0.37347380483736714	2.4570811154434864	0.08003465011097977	0.08209231668334957
1835.4296562944512	0.3735369683936684	2.4592792458561235	0.08006325461580731	0.08208438050325396
1835.4533173440097	0.3735703782748955	2.460465727300459	0.08009653287804726	0.0820621735802383
1835.446584590408	0.37358524386874803	2.4614996105635214	0.08012867815991939	0.08202703043694841
1835.4116152968609	0.3736072206852674	2.4644071688611575	0.08015582098905262	0.08198427418424936
1835.3596370347154	0.3736600011623531	2.47195507943502	0.08017697982222663	0.08194266533085975
1835.3080750270885	0.3737452573738164	2.4866245287269635	0.08019351941024289	0.08191180108314632
1835.2747250169778	0.3738365267348948	2.509487844558066	0.08020700274477632	0.08189795022346226
1835.2712146961487	0.3738945522683413	2.5395738083004744	0.08021694752891757	0.08190127312447974
1835.2993038733105	0.3738921127563211	2.5740027387716964	0.08022053119042989	0.08191695207640577
1835.3516418804047	0.37382815312654033	2.608741365827427	0.0802147152630329	0.08193898034313386
1835.4162653559092	0.3737223187178692	2.6396154241753607	0.08019918490562576	0.08196270514725042
1835.4819742281063	0.37359881562703573	2.663352417277565	0.08017800444496649	0.08198432730116022
1835.540355297332	0.37347511861211447	2.678504850342904	0.08015883684316268	0.08199948184050142
1835.5832970097804	0.3733620658523183	2.685860964781	0.08014982869290448	0.08200358948120817
1835.600650332506	0.37326914700886155	2.687935884849992	0.08015558843970792	0.08199397251455692
1835.5829369263297	0.37320610722575004	2.687737904411563	0.08017465061200837	0.08197173115591944
1835.52719246506	0.37317936906281257	2.687574274362305	0.08020023708479573	0.08194187159447547
1835.4397814723059	0.3731882476394881	2.6885311329527326	0.08022392249344787	0.08191172037981101
1835.3344017888153	0.373224567431424	2.690642883683722	0.08023984400216873	0.0818886792576036
1835.2286343715884	0.3732748947427222	2.693344302818957	0.08024698616009855	0.08187848949285421
1835.1413276533256	0.37332376671948325	2.6958741055909172	0.08024859677379037	0.08188439151776487
1835.0897443345184	0.37335759290528375	2.697560852391234	0.08024966101753042	0.08190675833029977
1835.0847932636095	0.37336887816033415	2.6980379593463226	0.08025421962174756	0.08194302017666809
1835.1260255786447	0.37335870629779705	2.6973602873388813	0.08026369012407154	0.08198806969409186
1835.20086227413	0.3733350186476904	2.6959300307187846	0.08027640932577562	0.08203505975994049
1835.2895163427854	0.3733077919326276	2.6942721304722	0.08028846656536949	0.08207655000842454
1835.3722333291896	0.37328595033713796	2.692867691779213	0.08029573664084902	0.08210618655147482
1835.4348653235006	0.37327891239597966	2.692181624017337	0.08029608895183828	0.08212059147208803
1835.470735759461	0.37329965620270117	2.6927728084021396	0.08029018329676775	0.08212061484298694
1835.4788297050084	0.3733632786893645	2.6952482956899075	0.08028026362379873	0.08211129665835455
1835.460939061259	0.3734789902747752	2.6999636323172354	0.08026816752864234	0.08210037316503024
1835.4209546776233	0.3736407227665303	2.7066540050498133	0.08025443048256851	0.08209564267218153
1835.3663867429118	0.37382453386608216	2.7143200962003675	0.08023911103737817	0.08210204136318429
1835.3088451195742	0.3739964415048188	2.7215349447026256	0.08022324525462916	0.08211962391383909
1835.2611345405217	0.3741269281942942	2.7270394633566752	0.08020944329693368	0.08214345410885208
1835.2329777257437	0.3742042798496106	2.7303024426727234	0.08020111797633275	0.0821656199126461
1835.2287506163009	0.37423967088278215	2.7317392911151614	0.08020091598507902	0.08217847060058191
1835.247163663607	0.3742612858296126	2.7324804341243976	0.08020928868447175	0.08217748185873967
1835.2807865105365	0.37430023218664604	2.733813063555658	0.08022398033431379	0.08216251853818546
1835.3160101478327	0.37437507745589665	2.7365654951872216	0.08024079837640789	0.08213731280465522
1835.3368478427305	0.37448283925462544	2.740723564096868	0.08025529476675268	0.08210777313884715
1835.3330763054212	0.3746007270077625	2.7454462979894743	0.08026442243889637	0.08208000397324694
1835.3066847111036	0.37469708639935634	2.749459063654342	0.08026738420450094	0.08205890299431036
1835.2699906407947	0.37474644881531827	2.7516656734154026	0.08026565445149793	0.08204764037588833
1835.2368412596786	0.3747426091559435	2.7517280473783785	0.08026255682703158	0.08204738684609313
1835.214889046979	0.37470296670628883	2.7502901732929104	0.08026224314666294	0.08205670528810656
1835.2042073565635	0.3746596298347083	2.7486319128556715	0.08026774456425266	0.08207123458707354
1835.2007639500332	0.3746412754470636	2.747922622601152	0.0802789445268383	0.08208471573309202
1835.200433567532	0.37465818939790013	2.7485990203090296	0.0802922197509078	0.08209128306252655
1835.200869690094	0.37470109242123445	2.7503065741879595	0.08030217417175713	0.08208796005568977
1835.201092477698	0.37475268240966303	2.7523620636976602	0.08030377138015882	0.08207613669403532
1835.199889958384	0.3748010672581178	2.75429925521064	0.08029338090737011	0.08206100024958794
1835.1942775097066	0.3748457823268707	2.756118973833111	0.08026933848569828	0.08204897912750621
1835.1791733204636	0.37489569967502034	2.758208079581493	0.08023309358375054	0.08204488786358205
1835.149153684245	0.3749627022270955	2.761075941732315	0.08019034050928968	0.08205050734189447
1835.1019833657983	0.37505321126817726	2.764993633521158	0.0801505478358995	0.0820646840397143
1835.0416811034659	0.375159256806723	2.769617537811712	0.08012415930567061	0.08208415121399915
1834.9781658531006	0.3752546322899404	2.7738374285799523	0.08011838467301237	0.08210478571817152
1834.9230589189174	0.37530214833494085	2.776092612556738	0.08013390988033345	0.08212292644695669
1834.8848017347887	0.3752702685412091	2.775068519720776	0.08016474856205628	0.08213588742128547
1834.8660890444307	0.3751488262843221	2.7703425900353977	0.08020132419018924	0.08214186553209356
1834.8639614073916	0.3749539684063262	2.762581274956858	0.0802345790508563	0.0821404738098082
1834.872310071571	0.3747212053452022	2.7532441014457163	0.0802589094032841	0.08213382397106392
1834.8863408282382	0.37449277439026946	2.7440477568900405	0.0802733026740238	0.08212657288763313
1834.9064648844683	0.37430576909127694	2.736466694181388	0.08028062984247886	0.08212407769466486
1834.9385316154296	0.37418368147409775	2.7313961013348376	0.08028511744791186	0.0821296073895723
1834.989705343061	0.37413163310764636	2.728991067193192	0.08028941556296165	0.0821423991334803
1835.0622589048828	0.37413658394173355	2.728716584881397	0.0802936861265469	0.08215780978017581
1835.1491748499807	0.3741741225246452	2.7296462932624195	0.0802971490703761	0.08216957672176178
1835.234602113175	0.37421974131483743	2.730907585019679	0.08029971050616276	0.08217295125296022
1835.2994028093026	0.3742579365142012	2.7320074891698027	0.08030168957772717	0.08216688278306807
1835.3296152466514	0.37428296106942033	2.7328077763205556	0.08030242491071185	0.08215409868037114
1835.3237506175944	0.374292726273649	2.7332348371699027	0.08029966673448438	0.08213927115320738
1835.2935820430473	0.3742840891514958	2.7330869223450804	0.08029050192974291	0.08212644831389222
1835.2568119838456	0.3742548757595765	2.732162431097379	0.08027340809275672	0.08211736540926216
1835.2272209202808	0.37420957841122554	2.730550852464944	0.080250430357495	0.08211159432030901
1835.2097225066682	0.37416182337250636	2.7287630072792695	0.0802277479186998	0.0821078009140509
1835.2022084571965	0.37413038523606773	2.727560113719221	0.0802131500035032	0.08210454644257996
1835.200680125717	0.37413105345030373	2.727596652390332	0.08021137379218336	0.08210017004319783
1835.2035908003052	0.37416906170676634	2.729091076788677	0.08022075051355046	0.08209271838419899
1835.2134354872005	0.3742364881198432	2.7317120859311217	0.08023400691269827	0.08208066160752867
1835.2353189187447	0.37431696901861927	2.7347752526457043	0.0802427507509478	0.08206390510388843
1835.2731428383022	0.3743956407715018	2.737663344719408	0.08024245706394145	0.08204403440205582
1835.3252924722692	0.37446711117585446	2.740171957249345	0.08023465545666933	0.08202342246630238
1835.3829226215087	0.37453411524571273	2.742467434679156	0.08022500299422214	0.08200418373114807
1835.432812865784	0.37459733230759223	2.7446627015837066	0.08021878340749737	0.08198819596811154
1835.4628320187207	0.3746461029423655	2.7464116185078637	0.0802173843173871	0.08197787570174885
1835.4659468401742	0.3746601423840613	2.7469510387466585	0.08021847889494697	0.08197625132573588
1835.4414807616795	0.37462223880594403	2.745599127543869	0.08021928356379368	0.0819857209918075
1835.3951400940714	0.3745316223310965	2.742288672280665	0.08021964980042336	0.08200614186366241
1835.3381022056744	0.37440752113790365	2.73771442302251	0.08022233033422778	0.08203336828318006
1835.2836538181805	0.3742806358135112	2.733013913739512	0.08023039836907067	0.08205948757088435
1835.241976024062	0.3741780663030089	2.7292001215779464	0.08024398772364233	0.08207552326511995
1835.2170173305137	0.3741110888290008	2.726695600373432	0.08025898067139045	0.08207580577894283
1835.2080316461424	0.37407432989786066	2.725290606808244	0.08026899788903942	0.08206139022241132
1835.213733319515	0.37405718302466623	2.7245709599246197	0.08026964677300538	0.08203977509888552
1835.234948846779	0.37405801276606027	2.724466088859515	0.08026203529466099	0.08202061106547662
1835.2736340224658	0.37408880762661934	2.7254405452661103	0.0802527904202027	0.08201020935035734
1835.329737401829	0.3741660852793756	2.728152608950552	0.08025016192686057	0.08200855440860481
1835.3994700533913	0.3742960483510816	2.732874978750772	0.08025873567708496	0.08201047966109132
1835.4768486761354	0.37446687702652776	2.7391775119552904	0.0802767035671345	0.08200964541803185
1835.5561768947953	0.37465344592760896	2.7460975943443486	0.08029780009735724	0.08200222497214647
1835.6321650323293	0.37482824353298844	2.7525732349518535	0.08031600411325499	0.08198789975576293
1835.698737122239	0.37496911901715013	2.757759637720767	0.08032890599071865	0.08196848311596953
1835.7500468963783	0.3750608465300178	2.7610858839528305	0.08033739435954339	0.08194650784067592
1835.7835299134092	0.37509455591157576	2.7622133872395125	0.08034269591807962	0.08192513623492789
1835.8013853321052	0.375069239901125	2.7610871040655525	0.08034356863325563	0.08190848837584846
1835.8087828129383	0.3749939428848744	2.758034688908424	0.08033588536324843	0.0819010211547386
1835.8104035899466	0.37488593157883826	2.753715468606913	0.08031501015512012	0.0819059517215949
1835.8076520027955	0.37476394714473815	2.7488685951043976	0.08027955489160414	0.08192364914812753
1835.7978596687506	0.37464142621995566	2.7440475106433837	0.08023416059713251	0.08195074483432598
1835.7759282314441	0.3745247102766177	2.7395380899644692	0.08018916999866495	0.08198045567773739
1835.7381133792478	0.3744161248101043	2.735457129333554	0.08015642474300705	0.08200443279695863
1835.6861680051138	0.37431801644253915	2.7318864546391524	0.08014296905638207	0.0820158845123336
1835.628586609113	0.37423489149394734	2.728950019128149	0.08014693261173812	0.08201272932601257
1835.5769004203576	0.3741737187705254	2.7268500002031715	0.08015915681808708	0.08199894491188739
1835.5394423745574	0.37414311806421136	2.725875049841477	0.08016956595470817	0.08198299198193562
1835.5177764796756	0.3741509755343922	2.7263287303810557	0.0801732982189048	0.08197384512554952
1835.5081056096956	0.37420032634180866	2.728356671672941	0.08017222849889426	0.08197672053588882
1835.5054817348691	0.37428590606981416	2.731781940334315	0.0801715585627446	0.08199113796324618
1835.5074123518887	0.3743947421664555	2.7361047930659765	0.08017465630751612	0.08201260754569167
1835.5149208966511	0.37451106511883	2.7406908639002268	0.08017995802112439	0.08203649600326346
1835.530815236637	0.37462260775232203	2.7450331602158258	0.08018169902999278	0.08206094547205747
1835.5562169401996	0.3747248153582878	2.748942639509835	0.08017301213539668	0.0820867455277905
1835.587806711623	0.3748203178715113	2.752545486673739	0.08014821606453791	0.08211483051539331
1835.6188575710278	0.3749133639257961	2.756054716924666	0.0801027993068833	0.08214399847192973
1835.6445269575308	0.37500276152626827	2.7594541864701796	0.0800327377701461	0.08217075486038206
1835.66647899185	0.37507904588695523	2.762355296725957	0.07993541409230553	0.08219093634968205
1835.690730885196	0.37512935598319164	2.7642053684951975	0.07981198371729525	0.08220150834250413
1835.7205216365821	0.37514744760433155	2.7647337545466826	0.07966899607682384	0.08220153438707659
1835.7530436891677	0.3751404551993151	2.7642432665874708	0.07951761212805133	0.08219227236939529
1835.7837947042183	0.37512483980666145	2.763420160743806	0.07937055370872761	0.08217659859132742
1835.8127572757367	0.3751134437953036	2.7627771383032496	0.07923820863117627	0.08215791005474052
1835.8454976802116	0.37510527923263576	2.7622386294389685	0.0791256803918837	0.08213879101104309
1835.8883096380926	0.37508834127051854	2.761284604498087	0.07903220857031217	0.08212016258085508
1835.9419000918654	0.3750530949916107	2.759529797304708	0.07895334726001713	0.08210175838958375
1835.9991972752593	0.3750031446421242	2.757163809512633	0.0788845931039847	0.0820836889037788
1836.0494019449688	0.374952740231347	2.75482552908926	0.07882389596519476	0.08206761128593458
1836.08478101003	0.37491498781255345	2.7530890365094365	0.07877145788938562	0.08205636470430352
1836.1046527801425	0.37489315067323703	2.752090697183064	0.07872794073348986	0.08205234822945813
1836.1147680403294	0.37488145257566624	2.751563412223163	0.07869328419141625	0.08205571808371347
1836.1243016106077	0.37487130614763925	2.751101271800678	0.0786666135422029	0.08206351023053045
1836.1426416379193	0.37485668954763246	2.7503944236274833	0.07864638130619399	0.08207038321082304
1836.1761987095483	0.3748369496872764	2.7493703995166356	0.07863056375399954	0.08207058444707092
1836.2252400973846	0.3748177775444126	2.7482691909870027	0.07861736644809401	0.08205991570232288
1836.2826059148467	0.37480966893801043	2.7475839430830433	0.07860629014253546	0.08203711270480589
1836.3367394559987	0.3748225868984053	2.7477387756686085	0.0785985793659675	0.08200495370658459
1836.3781976726605	0.37485875449001627	2.7485273527358913	0.0785961729575751	0.08197066131648408
1836.4050247598047	0.3749093283291786	2.7486062494368184	0.07859955101924403	0.08194407506128856
1836.4233949969998	0.37495927283061575	2.7454563702580117	0.07860619189964556	0.08193366017732376
1836.4439334646288	0.3749975264546919	2.7360466650511057	0.07861128825333064	0.08194312622204161
1836.4761268651175	0.3750238938411615	2.7180504140962967	0.07861072351750219	0.081970933317622
1836.5231939072628	0.3750469014189669	2.6910787535593386	0.07860410524405632	0.08201206246554506
1836.579883625168	0.37507502725701447	2.6572381449805107	0.07859510559085175	0.08206013701598039
1836.6351870970518	0.3751085239128166	2.6206132079929034	0.07858866244245576	0.08210870883542591
1836.6787554120488	0.3751374447400941	2.5859030803068777	0.07858752956536977	0.08215165149042054
1836.7061974234302	0.3751471933397163	2.556889937450819	0.07859090117810108	0.08218348179302064
1836.719586500132	0.3751288953657914	2.5354514112058837	0.07859533381652557	0.08220034947653607
1836.724206014084	0.3750880840530481	2.521515540167968	0.07859659490929581	0.08220137554080213
1836.7249823737425	0.3750442699710499	2.513781766211139	0.07859149598840626	0.08218932706500923
1836.7247982617591	0.3750200726170852	2.5105738774326483	0.07857766068878876	0.08216919467559694
1836.7246646831775	0.37502792296662874	2.510332805023495	0.07854563912162925	0.08214103390103197
1836.7247059284575	0.3750647570695801	2.5117636326269803	0.07845668946723038	0.08208080151634531
1836.7251312437959	0.3751174723175922	2.513882907253162	0.07820680863758522	0.08190658505926147
1836.7269096073908	0.3751728972209753	2.516071448466107	0.07759408285225085	0.0814426084613525
1836.7320868095292	0.3752244323101447	2.518076182804009	0.07632246331021574	0.08041280798791121
1836.7436043972532	0.37527218008738294	2.5199015979200112	0.07407126160922671	0.07849774083854125
1836.7644789955425	0.37531816555757486	2.5216069329139827	0.07062308587475179	0.07545435310247764
1836.8771207463003	0.3232294945745104	2.528995452608342	0.06494478879278576	0.06899320751078446
1836.9332051218498	0.32314730431057326	2.5257826316230876	0.06496321072258221	0.06902522423028597
1836.978817087212	0.32303133166797543	2.521468244238349	0.0649815197405056	0.06906014729730424
1837.0083779331153	0.32289427345787236	2.5165292489212447	0.06499351315591277	0.0690965809086773
1837.0215737646176	0.3227585141386028	2.511743364046879	0.06499644956920712	0.06912939066728185
1837.0197272655582	0.32264670821850566	2.5078858898319822	0.06499221776014469	0.06915063879175777
1837.0025797603187	0.32257577736858994	2.5055431553411722	0.06498558968296682	0.06915301418127258
1836.9688189009732	0.32255593528166376	2.5050761619745003	0.06498089605633608	0.06913399565894159
1836.9198238485008	0.32258992239717765	2.5065704460557185	0.06497954080498086	0.0690985613721749
1836.8626574841242	0.32267046034274405	2.5097287583857337	0.0649798783799364	0.06905837596888519
1836.808448814463	0.3227802209382045	2.513880019364933	0.06497923644448245	0.06902661516944689
1836.7668058418487	0.3228978842426665	2.5182244492878567	0.06497638026032324	0.06901082613363259
1836.7412336398165	0.323006982000494	2.522169097758592	0.06497242308554485	0.06900902247681981
1836.7291330693436	0.3230998822066108	2.5254661356564725	0.06496952383090769	0.06901226203894249
1836.7251650102899	0.3231733726416963	2.5280384553098543	0.06496863834660459	0.06901126156194201
1836.7246192455627	0.32322144785291496	2.529708047535564	0.0649682396026925	0.0690016391079806
1836.7248454628677	0.32323413032935616	2.5301459738991525	0.0649649545715719	0.06898500242219466
1836.7249536275272	0.3232039644462922	2.5290997099850188	0.0649557214371146	0.06896701071753769
1836.7249014649392	0.32313353221225055	2.5266597359986918	0.06494021073311979	0.06895431348315577
1836.724806896929	0.3230368871952427	2.52331301311699	0.06492194444535714	0.06895124045423599
1836.7247136369897	0.32293370663739945	2.519740555524322	0.06490695880817361	0.0689574326208238
1836.7246536401576	0.32284089813035494	2.5165258466569753	0.06490045747211645	0.06896830234410456
1836.7247306308423	0.32276782073784516	2.513990763336608	0.06490380268656315	0.06897843496035046
1836.7249460137207	0.3227176808507046	2.512248828584177	0.06491415655070881	0.06898499024341546
1836.724583305095	0.3226921073490471	2.5113690387339034	0.06492681323688472	0.06898818453524044
1836.7212983134661	0.3226936136149037	2.5114596771086894	0.06493821389393443	0.06898941217994846
1836.7106472247851	0.3227241156594506	2.5126044036255166	0.06494756896200357	0.06898975865565309
1836.6871733455548	0.32278223854351884	2.5147622607882454	0.06495624615360282	0.06899004350250469
1836.6475338054	0.3228619863887512	2.5177758522229965	0.0649655051842989	0.06899114165975492
1836.594216067614	0.3229524817309811	2.5215507429724084	0.0649744729596127	0.06899344841803311
1836.5367194588869	0.3230382973551223	2.5263940226499813	0.0649803909807902	0.06899619260514087
1836.4883651107423	0.32310202785278325	2.533388850460767	0.06498101307398563	0.06899785875004574
1836.4609371897404	0.32313043942676056	2.544489316940485	0.06497664824518998	0.06899753038114616
1836.4609647942236	0.32312134282295657	2.5619601348416268	0.06496986582616401	0.06899582014032257
1836.4883132291768	0.3230854127381694	2.5871676139298643	0.06496362356568573	0.06899459857126104
1836.5354057097134	0.32304078700500366	2.619394162342303	0.0649600154408412	0.06899590825619908
1836.587405691965	0.3230048351340445	2.655562538793106	0.06496049365406886	0.06900076998559584
1836.6258930696702	0.32298866365372436	2.6911529560159124	0.06496646777607043	0.06900828298268893
1836.6362293490636	0.32299560411422795	2.721815041830098	0.06497893479942213	0.06901555647825286
1836.6144735686585	0.3230221482936555	2.744854189657417	0.06499704402746093	0.06901913280504954
1836.5691354643102	0.32306014376472664	2.759872388098927	0.06501686330975504	0.06901734498102814
1836.5163236873007	0.32309942562829447	2.7683051270703345	0.06503195323474191	0.06901146436084558
1836.4711817285615	0.3231306920083475	2.7723152751228213	0.0650361519673784	0.06900422807078882
1836.4413475250763	0.32314937991910486	2.7738623631205996	0.06502702417698068	0.06899728903774975
1836.4262455522232	0.32315986294475013	2.7743916674662046	0.06500743578913573	0.06899069402900061
1836.420854123447	0.32317616054280496	2.774954854795851	0.06498381265379105	0.06898523523693637
1836.4199367907559	0.3232157274299942	2.7763215750253494	0.06496220827409947	0.06898483500265493
1836.420156553976	0.32328866449333654	2.778874002848454	0.06494512844032072	0.06899539180351145
1836.4201396246342	0.3233903129095138	2.782410014790287	0.06493137378164354	0.06901999641636078
1836.4199166987148	0.3235036610233714	2.786043689346968	0.06491863286461597	0.0690546361974388
1836.4208844391721	0.3236093330695399	2.788202737096867	0.06490643231387744	0.069088674479803
1836.4262926143247	0.32369402805333963	2.7866398774759205	0.06489702620157439	0.06911013220246738
1836.4411861824822	0.32375115492360934	2.778605245327242	0.06489375236576618	0.06911174711430339
1836.470560000539	0.32377624074740524	2.7615239131512794	0.06489845489808449	0.06909386985142649
1836.5158190014538	0.3237641693987752	2.7342068858811786	0.06490999533978407	0.06906320718349727
1836.571911912949	0.3237116200006756	2.697959845289404	0.06492473601943777	0.06902895141530312
1836.628265736514	0.3236212520590633	2.65671387039788	0.06493849290782379	0.0689988826704333
1836.6736172428057	0.3235020284047707	2.615875856226239	0.0649485337679814	0.06897767964054835
1836.7005626145517	0.32336514050198517	2.5804461738403575	0.06495425066655239	0.06896766293700851
1836.706180425088	0.3232201600332165	2.5533813000891428	0.06495642599250596	0.06896996076531112
1836.6900541739135	0.3230746250512143	2.5350136224881226	0.06495615763538873	0.06898435557635622
1836.6535672643413	0.3229357200947666	2.523696926394564	0.06495415771225993	0.06900842891297089
1836.6016414512928	0.32281123877969015	2.517087025968465	0.06495023172992166	0.06903774755148229
1836.5439099803918	0.32270891022640485	2.5132161815630525	0.06494294648132666	0.06906747383724197
1836.492020216381	0.3226349730519492	2.510923038384874	0.06493024145592971	0.06909395510884798
1836.4542913750047	0.3225927965588967	2.5097279054586465	0.0649112338691394	0.06911500085666596
1836.4324566388054	0.32258155039818964	2.509470053611551	0.06488795301050512	0.06912934064184471
1836.4228563021118	0.32259515825497315	2.509981760595622	0.06486534663842504	0.06913668424568048
1836.4200713933408	0.32262267046624843	2.5109426221015383	0.06484931573071612	0.06913855497568495
1836.4198610022024	0.32265072739186607	2.5119183528355506	0.06484404409913906	0.06913820811466861
1836.420077732507	0.32266677070912886	2.5124784991376146	0.0648500851104017	0.06913853342292509
1836.4201254240816	0.3226618571974157	2.512309779766497	0.06486407060110685	0.06913960688892205
1836.4200623341208	0.322634180198569	2.5113477889861997	0.06488027011805962	0.06913849099471174
1836.420012928202	0.32259205485202463	2.5098844060545957	0.06489338503654332	0.06913162902187697
1836.4199853998637	0.3225509381691781	2.508464178882093	0.06490101610613568	0.06911788119913877
1836.4199306860967	0.3225228177519959	2.5075086903206625	0.06490424457445813	0.06910005496505928
1836.4198686020306	0.3225052926660216	2.5069229599507707	0.06490612800237751	0.06908383722398372
1836.4199328570285	0.32247985827214015	2.5060366141390205	0.06490933354306253	0.06907442359484901
1836.420153689944	0.32242170568348905	2.5040185913629216	0.06491455419731453	0.0690726543898977
1836.419821284952	0.32231535117290344	2.5006340744731688	0.06492066823801336	0.06907349038201718
1836.4165724494217	0.32216743150725413	2.4970274809672333	0.0649261750114042	0.06906892760439916
1836.4059369015233	0.32200944935807463	2.4960852329787144	0.0649304540983527	0.06905417281674084
1836.3824736665917	0.32188785105741213	2.50193398117608	0.06493384477210455	0.06903233676262509
1836.3429394913924	0.3218446461973753	2.5184315290913446	0.06493686589882709	0.0690135101224874
1836.2898893597496	0.3218965954709005	2.5471467866049124	0.06493967334737293	0.06900884596923586
1836.2323658242406	0.3220237801338388	2.5859553570444973	0.06494232007835402	0.0690238790723934
1836.18181282479	0.32217658804292987	2.6293096876392497	0.06494524167524167	0.06905505057361168
1836.145983858927	0.3223003989481794	2.6702528814718107	0.0649491591907943	0.06909114137539238
1836.1258857516161	0.32236387411324047	2.703123148301813	0.06495448290255934	0.06911869934571548
1836.1174236156758	0.3223724276001337	2.7255109037294574	0.06496085575954277	0.0691281874878008
1836.1151658952758	0.3223589289361749	2.7385035733035465	0.06496713318624074	0.06911712923094167
1836.1150985708598	0.32236002466702945	2.745285885908231	0.06497175206499885	0.0690891900018151
1836.115307029307	0.32239515238312	2.749153010258965	0.06497351045501264	0.06905151847616937
1836.115321493914	0.3224606484934483	2.752130544080046	0.06497260141994117	0.0690129028849807
1836.1152336272216	0.3225392844613488	2.754633091979599	0.06497099177841378	0.06898255403945174
1836.115172668697	0.3226153531775455	2.7557636838673147	0.0649711612656791	0.06896782585482049
1836.1151670103561	0.32268293782326335	2.7536715931851745	0.0649737186296932	0.06897099535531478
1836.1151875747123	0.3227423231406663	2.745861038282726	0.06497600318411875	0.06898756741255474
1836.115206224903	0.3227911165221722	2.729840173157527	0.06497336717042611	0.06900823476274026
1836.1152132665725	0.32282122840386523	2.7043247820475926	0.06496244796367687	0.06902379531093845
1836.1152080572203	0.3228255852575922	2.670458777469264	0.06494378878982378	0.06902984412757597
1836.1151909207456	0.3228073723276825	2.6321048439031074	0.06492175315208012	0.06902807132394588
1836.1151693547192	0.32278158597881834	2.594772610301902	0.0649021331772288	0.06902343456608091
1836.1151688107884	0.32276605060481334	2.5636747912560054	0.06488956329845845	0.06901968452337837
1836.1152209844986	0.3227683849991548	2.5419876389542537	0.06488631592261353	0.06901687118614742
1836.115310494825	0.3227788536959484	2.530354075120158	0.0648925304567521	0.06901244468284161
1836.115321581416	0.3227752426487932	2.5278953408250118	0.0649070871644211	0.06900464506661066
1836.1151353905993	0.3227371155237035	2.533810196020397	0.0649282361132865	0.0689951597807662
1836.1150877643527	0.32265931059632624	2.54812671814625	0.064953447211581	0.06898845885239308
1836.116818762564	0.3225554689063825	2.571003720686406	0.06497884123736937	0.0689879872000509
1836.1240233231542	0.32244983999381094	2.601331312504783	0.06499941559303986	0.06899257299710725
1836.1420415775376	0.32236247511818444	2.63590035672064	0.06501089488187903	0.06899698986989554
1836.1754089907467	0.32229715431363143	2.6698414911601844	0.06501229311774477	0.06899694251455321
1836.2240855218213	0.32224095238189393	2.698134896413933	0.0650069052198203	0.0689936856248537
1836.2812675208927	0.3221756394271291	2.7172826168839492	0.06500040755812538	0.06899322282464072
1836.3357035847557	0.3220905040811321	2.7260007840282583	0.06499733950855079	0.06900069079468699
1836.377606296479	0.3219867786821271	2.7245032469137413	0.06499849878122403	0.06901546357142435
1836.4033364008885	0.3218746250667845	2.7132594259297775	0.06500082495913777	0.06903135890546887
1836.415461122095	0.32176934251604694	2.6925673808470947	0.06499974080908733	0.06904139192070827
1836.4194400609665	0.32168897514969597	2.663303804894781	0.06499241236325509	0.06904295533669445
1836.4201754396888	0.32165093609076867	2.6279497869599595	0.06497957470266455	0.06903942135858307
1836.4201412067625	0.32166752729532727	2.5907893671698616	0.06496474884112352	0.06903720151874858
1836.4187961857585	0.3217438219135162	2.557003064804462	0.06495207528877495	0.0690408154497518
1836.4126253919808	0.3218792166096991	2.531147194504854	0.0649447330100929	0.06904986396899682
1836.3961566974333	0.32206957799518665	2.5157429301593766	0.06494440589041901	0.06906020145421303
1836.3649274584825	0.3223063946285059	2.5106254668626207	0.06495112227032641	0.06906829847900045
1836.3200951854378	0.32257250284421224	2.51332719647354	0.06496330404649282	0.06907500466883838
1836.2716306702198	0.322838539662114	2.5201873211713632	0.06497845051165904	0.0690851100048357
1836.2359423849919	0.32306658155974877	2.527604405475415	0.06499433267989607	0.06910268724981275
1836.2274720983946	0.32322280889075994	2.5329998508766494	0.06500978928590406	0.06912625485574297
1836.2498469207387	0.3232919989673966	2.535272081219091	0.06502451112174479	0.06914838097178633
1836.293587236241	0.323283024264427	2.534666228320134	0.06503825464117438	0.06916025033344694
1836.3421997719463	0.3232206586308567	2.5321668281742973	0.06505029694696242	0.06915707027119514
1836.3815870328992	0.3231292901651604	2.528734613596214	0.06505946002643546	0.06914009127777056
1836.4053420464274	0.32302097848636924	2.52483014393988	0.06506461575061313	0.069114565755735
1836.4131514406072	0.32289702214552735	2.520491965261556	0.06506536383015124	0.0690859039512826
1836.405893541727	0.3227596136782696	2.5157850067100753	0.0650623908353175	0.06905704540237445
1836.3828192422084	0.3226212262247068	2.511145814171641	0.0650573181391788	0.06902882548966692
1836.3431922856942	0.3225032421818242	2.5073206607997918	0.06505234639268684	0.06900239215895274
1836.2902515496635	0.3224260040737131	2.504992683191574	0.06504974127791804	0.06898094280397216
1836.2328450031582	0.3223992673603012	2.504441089701686	0.06505082881437817	0.06896917482141401
1836.1821061514902	0.32242024841257194	2.5054965610802924	0.06505484242678726	0.06897097640608296
1836.1459364303341	0.3224790467253285	2.5077652892936158	0.06505883214007842	0.0689868336397021
1836.126570637539	0.32256579161197524	2.510891807298094	0.06505923312106006	0.06901255529679827
1836.1226855056652	0.32267378553560305	2.5146536859257367	0.06505406564916023	0.06904030347207882
1836.13258107166	0.32279651589017827	2.518837256928691	0.06504410873185863	0.06906161631036509
1836.1544599932402	0.3229222685165186	2.5230490958285827	0.06503232806566155	0.06907115597725808
1836.1834690700364	0.3230343099961376	2.526741179708779	0.06502199796507724	0.06906931821814981
1836.2093334002946	0.32312031931033497	2.5295529038517657	0.06501466454134715	0.06906164270294717
1836.2190524663085	0.3231833140441342	2.5316726804316545	0.06500950385404525	0.0690548844426589
1836.2043217576281	0.32324133694854423	2.5337794353023355	0.06500480869417068	0.06905281995381177
1836.1673635337008	0.32331302315462596	2.536504679256552	0.06500012403187555	0.06905517170021727
1836.119905882056	0.32340042467508534	2.53984362847865	0.06499663183690002	0.0690597623912868
1836.0771475144827	0.3234837843020913	2.543012588815486	0.06499553117605945	0.0690653290715247
1836.0513603004194	0.32353343271702695	2.544902408896803	0.06499664812878982	0.0690726585329783
1836.047214661932	0.32353044323373087	2.544825649694758	0.06499885483645303	0.06908338573638842
1836.0602716378926	0.3234803252770952	2.5430023047849204	0.06500114570967637	0.06909752093173697
1836.080379505177	0.3234095347989219	2.540416468878277	0.0650025702757572	0.06911193589793924
1836.0980429016254	0.3233489323380118	2.538200251783394	0.06500149432371964	0.06912156972194758
1836.1089900344784	0.3233180868393889	2.537059659120132	0.06499616240605517	0.06912276590600745
1836.11485373595	0.3233207295039299	2.537113164528648	0.06498675592951382	0.069115987974145
1836.1214504826587	0.32334999964543104	2.538085108509847	0.06497649627637561	0.06910554341067707
1836.1363077043552	0.32339512846236024	2.539553359585625	0.06496980237660006	0.06909656533020585
1836.1653870583598	0.32344450087181287	2.5410765412557907	0.06496876584893567	0.06909181583475367
1836.2088134880485	0.3234865450126643	2.5422525173438544	0.06497128309249363	0.06909084525620945
1836.2577190865275	0.3235115746566828	2.5428028351449825	0.06497281057314513	0.06909181068626925
1836.2960549427607	0.32351506736913105	2.5426748088286786	0.06497029106048756	0.06909384728829986
1836.3085103197948	0.32350013899382557	2.542076015215798	0.06496475866187332	0.06909761186584452
1836.2897415492541	0.32347651843033787	2.541378709811795	0.06496050014879817	0.06910370122905903
1836.2477927569041	0.32345529476586105	2.540915260185159	0.06496181921298702	0.06911081607306103
1837.6335904455023	0.27953128556896595	2.335299495662639	0.0578403607632083	0.05886439028390406
1837.6384055208048	0.2795851888747488	2.3368935788557224	0.057832337727930706	0.05887456499756122
1837.6392093935979	0.27974718912108887	2.3417750218200695	0.05782852228481276	0.05887797823745444
1837.6406010349567	0.2799922486107726	2.34916313872219	0.0578283088591886	0.05887714788322824
1837.647284591513	0.2802671171437853	2.35742387994668	0.057829187037818704	0.058873586921200226
1837.6646633301698	0.28050339561869814	2.364455349363766	0.05782823304617839	0.05886831594255474
1837.6972579369385	0.28064108745430844	2.3684095229397144	0.05782375009308255	0.0588630248114802
1837.7452694512156	0.2806506995862996	2.368388346769052	0.05781628650248536	0.058860090809761095
1837.8022436726228	0.28054149319320787	2.3647135749529298	0.057808411610285375	0.058861209841677184
1837.8570703092084	0.28035270271016277	2.358647499786173	0.057803225222482844	0.05886610839288128
1837.8997755756598	0.28013433893865136	2.351770308392645	0.0578024532662847	0.05887255144904197
1837.9263788233625	0.2799277957325297	2.345359472945347	0.05780542993651473	0.05887737787574618
1837.9391680991614	0.27975427783748963	2.3400391789896844	0.05780962488102198	0.058877776626915755
1837.9434481296566	0.2796134045641724	2.3357617250653107	0.0578122051636686	0.058872297856964705
1837.9441118456348	0.2794881871556451	2.3319817438661516	0.05781161107930165	0.0588611877360178
1837.9440260977685	0.27935118945352616	2.3278532424373566	0.057808294769496955	0.0588460020930342
1837.944001129784	0.279172031355185	2.3224565147133376	0.05780421943749839	0.05882901246880507
1837.9432172243628	0.27893058598608256	2.315193543269231	0.057801577170182666	0.058812751820435126
1837.9395079294995	0.2786334608761715	2.3062815997006965	0.057801741084443664	0.05879948762344887
1837.929817471843	0.27832034955207774	2.2969374238716114	0.057804855532573224	0.05879065928084759
1837.9114090381454	0.2780492632030227	2.2889205413972036	0.05780961980392564	0.05878689293431356
1837.8835792050625	0.27786741552749306	2.2836475302395343	0.05781303886281902	0.05878858944876005
1837.8484432903429	0.2777888794371025	2.2815215258069657	0.057810759609048454	0.05879591048627841
1837.8095429680916	0.27779426747645514	2.28193588283591	0.05779868488687133	0.05880757665091404
1837.7693775560517	0.27784876754008536	2.2838307471772055	0.05777557725224521	0.05882004252282911
1837.728500157489	0.2779233730906632	2.2863334446968224	0.05774530425909314	0.05882882863320743
1837.6861966585795	0.27800689917117594	2.2891135568380605	0.057716863526168144	0.05883121801893513
1837.6406225849994	0.2781051215895535	2.292356609157764	0.05770090035824737	0.058827801174474996
1837.5890089671518	0.27823045594202633	2.2964537369481945	0.05770384890826771	0.05882152962358336
1837.5296443542745	0.278390311475161	2.3016396340922824	0.05772355928249221	0.05881511787843686
1837.4639178863579	0.2785824955953343	2.307841049742649	0.05774991463278376	0.058808859249356055
1837.3953021614752	0.2787983447464886	2.3147767245181967	0.05777013336746022	0.058800779885625765
1837.3262030489386	0.2790264423367846	2.3220889278205163	0.05777503707325523	0.058789163427923743
1837.2572187881906	0.2792522675345823	2.3293372021201435	0.05776247706773352	0.058775054042333984
1837.1900793628245	0.2794574591696348	2.335956659877013	0.05773668289075118	0.0587621348827862
1837.1298953090854	0.2796239158243479	2.3413668355007644	0.05770517476680283	0.05875371749104318
1837.0829936714886	0.27974130847326606	2.3452129903266723	0.057675699822519445	0.058749381158719756
1837.0525627047862	0.2798122610933905	2.3475518412566885	0.057654382503623335	0.058744593439652236
1837.0368003863816	0.2798516018688567	2.3488416539180434	0.057645014724210054	0.05873405488928735
1837.0307397249119	0.2798796928807747	2.349728968642694	0.05764903695049523	0.05871601738141306
1834.591200040444	0.21595348770081133	2.131676912354635	0.046956615272321055	0.04847911698252371
1834.5912006195365	0.21589605219063832	2.1303297714475775	0.04695372154481574	0.04847732645834526
1834.5912011236453	0.2158410559594386	2.1290401672001167	0.04695122311910102	0.04846181730192492
1834.5912004237482	0.2157720560477279	2.127422647444803	0.04694620627879967	0.048437887113720414
1834.5911975431961	0.2156755647345698	2.1251615124321006	0.046937861791259895	0.048415138273624266
1834.591193815035	0.21554827987136913	2.1221802644705576	0.04692752311752798	0.04840274930009175
1834.5911946139677	0.2153996511473204	2.118701215548697	0.0469171979327952	0.0484049881250999
1834.5912065168222	0.21524886154810322	2.1151738757110934	0.04690784396725997	0.04841985694854727
1834.5912269667533	0.21511702379459793	2.112091750535228	0.046898626477694105	0.04844117474317038
1834.591232991482	0.21501804239859604	2.1097790029546104	0.046887712976755855	0.04846234107254261
1834.5911900961796	0.21495275261204078	2.1082543418156092	0.04687401133163979	0.04847923118124469
1834.5911014885517	0.21490918748120935	2.1072376375863655	0.0468584952765224	0.04849043388180052
1834.5910684527578	0.21486874989442467	2.106293780529768	0.04684414172998157	0.04849553793896327
1834.5912284613128	0.21481527370065268	2.1050445270736873	0.04683457655673725	0.04849403044011697
1834.5913601070508	0.21474253950359287	2.103346428148541	0.046832366269963246	0.04848610653146465
1834.590075418671	0.21465709162312055	2.1013615706248174	0.046837910268443875	0.04847407409454493
1834.5839972766682	0.21457615730433313	2.0995138613799895	0.04684931961138973	0.048462428926413344
1834.5679247431167	0.21452208395087993	2.0983578387030093	0.04686319684758445	0.048456238664223446
1834.5369761348368	0.21451416862206152	2.0983745175436184	0.0468760422822492	0.0484588534593106
1834.4903048141443	0.21455918477738062	2.099727185925758	0.04688577638231217	0.048469895636918954
1834.4337405533488	0.2146454530095306	2.102106317178709	0.04689258855309694	0.048484274897052884
1834.3781880277115	0.21474693179473603	2.104834524508533	0.046898572150686886	0.04849347058468385
1834.3339861797303	0.2148372442355358	2.1072293904344974	0.04690643674898849	0.048489607085629195
1834.3057786665747	0.21490400492418527	2.1089712323547474	0.04691806831969677	0.04847019449093635
1834.2918501682868	0.21495308077814052	2.1102077150380865	0.04693345956298492	0.04843992579812487
1834.2871356024214	0.21500189061287614	2.111378345499986	0.04695033625682975	0.048408004332982216
1834.2863464011182	0.21506972050713258	2.1129681011082653	0.04696491478990898	0.04838310762239236
1834.2848905004516	0.21517184953928878	2.115364386837598	0.04697378475363132	0.04836978288945092
1834.2780085431962	0.21531659213530635	2.1187937185724763	0.046975864929166083	0.04836849003215158
1834.2602624675865	0.21550125898075362	2.123230421438336	0.0469729940709144	0.048377999887460645
1834.2271963680078	0.21570798572596303	2.1282871569597432	0.04696864198170546	0.04839684830475461
1834.1787946215522	0.21590567734324237	2.1332361421823975	0.04696573850064922	0.04842240311125704
1834.1217305706778	0.2160610432440781	2.137252083475289	0.04696528058754475	0.048449573966316536
1834.0672010319024	0.21615195398747786	2.139740544983681	0.046966430508782256	0.04847189711469184
1834.0250176919444	0.2161730932616813	2.1405110794120787	0.04696745901563549	0.04848485887668527
1833.998814038407	0.21613258942306116	2.1397304283041763	0.04696672300743508	0.04848867280895932
1833.986100202254	0.21604666426663896	2.137796230985032	0.04696344353501196	0.048488228407604424
1833.9822033098028	0.21593664746011434	2.1352403712384103	0.04695820813299885	0.0484902308527965
1833.9846250629832	0.2158256047852287	2.132620655535277	0.04695298058748897	0.048499223026558444
1833.9950927342895	0.2157311881683351	2.130339540663556	0.04695044112551236	0.04851447871770552
1834.0182557362195	0.21565720803029986	2.128455577962143	0.0469527293912546	0.04852923088012192
1834.0574692291414	0.21559113738908803	2.1266530958320686	0.046960127016537324	0.048533137434747194
1834.1098529581313	0.2155119842695026	2.124459173311948	0.046970614950913446	0.04851769429879265
1834.1642874184477	0.21540442470893262	2.121587814077884	0.04698088539348152	0.04848183749432654
1834.2048818079581	0.21526919939478403	2.1181605893548294	0.04698820365365369	0.04843370548248843
1834.2182174953798	0.21512253023094427	2.1146450005425095	0.04699166420731936	0.048387028404607464
1834.1996984107539	0.2149862024781263	2.111580253351235	0.04699191621150532	0.048354662001691466
1834.155663429858	0.21487678504558075	2.109311491348933	0.04698980726616922	0.04834350074097606
1834.100457673193	0.21480168079095785	2.107917306306092	0.04698530320243192	0.04835334600402544
1834.0496586949885	0.21476288599590077	2.107342214348364	0.0469776831670484	0.048379071230485945
1834.0131946000163	0.21476240944016087	2.1075681114091935	0.04696676545902924	0.048413501362608156
1833.9927121933245	0.21480231453276086	2.1086324417412357	0.0469540306610362	0.048449231354650034
1833.983985169649	0.2148788260258461	2.110475047182831	0.04694252722348247	0.04847957786612767
1833.9814502302413	0.21497703207164706	2.11278468168598	0.04693534092089952	0.04849960762625924
1833.9818314397364	0.21507239326845742	2.1150098986301487	0.04693375617956447	0.04850740363055502
1833.9857445617847	0.21513913119050518	2.1165440673626676	0.04693670753827566	0.048504835488872446
1833.9973582662474	0.21516033274698124	2.1169641367739587	0.0469419535939573	0.04849712156455036
1834.0221569226292	0.21513306048290462	2.116165500876889	0.04694779591786069	0.04849093318384866
1834.0631004345707	0.21506489335406345	2.114306413178383	0.046953851520349706	0.04849125280322927
1834.1170128333101	0.21496553461921908	2.1116350016683327	0.04696043486376188	0.048498351351312204
1834.1743636978968	0.21484149416538642	2.1083661350350553	0.046967335237333936	0.04850726296730182
1834.2237864020972	0.21469765829903625	2.104688636310982	0.046973170469886055	0.04851073495359005
1834.2580976149977	0.21454207654648833	2.100837723145162	0.04697590645223223	0.048503756669687405
1834.2768961072234	0.21438823813092986	2.097130785752938	0.04697426132691398	0.04848659020449181
1834.2845641312642	0.21425289738205347	2.093929278311066	0.04696898775266018	0.0484644585416414
1834.2864855844234	0.21415128723050053	2.091551864753228	0.04696282479357098	0.04844431767059613
1834.286478036548	0.21409190899813857	2.090170416396006	0.046958828340336475	0.04843093007624879
1834.2862832968015	0.21407243273392867	2.0897186267111465	0.046958261100344144	0.048424712818819306
1834.2862853508639	0.21407937556458184	2.089880112444007	0.04695976126059832	0.04842262570384112
1834.286374283268	0.21409424616206452	2.0902254604049517	0.04696042859350593	0.048421379724426276
1834.286429134177	0.21410404415859133	2.0904530415974705	0.046957712961358686	0.04842042890122126
1834.2864304633245	0.21410843397320609	2.090555159581129	0.046950502795952906	0.048422135931684096
1834.2864103710579	0.21411712153097287	2.090757407383194	0.046939147380462135	0.04842893006404268
1834.2863959920141	0.2141393423291514	2.091274506668981	0.04692529558280398	0.048440232159639725
1834.2863933707922	0.2141748627213713	2.092101075275309	0.04691181004314943	0.04845215337225824
1834.2863967404446	0.21421416634137616	2.093015793766483	0.04690201722276372	0.048459943768419333
1834.286400031355	0.21424563792223614	2.0937483489024658	0.04689806503731689	0.04846044130371646
1834.2864011489223	0.21426104883769093	2.0941071054813847	0.04689948576578239	0.048452621765908484
1834.2864007769872	0.2142549413303928	2.0939649230535906	0.04690335124817104	0.04843708705209364
1834.2864000941468	0.21422225756039123	2.093204104592587	0.0469061757683822	0.04841597388069675
1834.2863996926244	0.21416079948472583	2.0917737700195858	0.046906057438194614	0.04839308855196101
1834.2863996753392	0.21407804077967083	2.0898483201457907	0.046903310078839744	0.04837300092505117
1834.2864000420961	0.21399380980837734	2.087889350698674	0.046899422065924685	0.04835880699767352
1834.2864007128726	0.2139317472993888	2.08644642851516	0.046895688292713136	0.04835017100753329
1834.2864011545978	0.213903793237466	2.0857966414520774	0.04689282379529723	0.04834371331356163
1834.2864002206477	0.2139014538920046	2.085742273815697	0.04689160477324168	0.04833581296819924
1834.2863971004956	0.21390277571493532	2.08577301732646	0.0468933940991285	0.04832560708124473
1834.2863935455127	0.21388893890765387	2.0854514395491037	0.046899513755299396	0.04831588724128703
1834.2863953248407	0.2138560617650154	2.0846873640468857	0.04690982133226729	0.04831154718287402
1834.2864086088139	0.2138141622562985	2.083713698267104	0.04692199106785652	0.048317144303710854
1834.28642895867	0.21377732784441864	2.0828578313036132	0.04693244492876625	0.04833535527246375
1834.286431062973	0.21375446365398032	2.0823267096971563	0.04693816251313993	0.048366788009882825
1834.2863815430983	0.21374627570518132	2.082136848585776	0.04693783096840318	0.04841009232201558
1834.2862923331218	0.21374788676580717	2.0821748482968587	0.04693180675499191	0.04846123511316397
1834.286275883209	0.21375376482571906	2.0823114862791954	0.04692157445380988	0.04851254373068977
1834.2864561570836	0.21376254513263102	2.0825142634592453	0.046909443037985575	0.04855362085636745
1834.2865253459947	0.21377975999691842	2.0829137040151977	0.04689842827323125	0.04857530025326298
1834.2849033132256	0.21381600833106867	2.0837663743180315	0.04689177727679063	0.048574737695445534
1834.277968386738	0.2138800317208042	2.085299189111936	0.04689200939102946	0.04855757084623663
1834.2604083366703	0.21397083611426432	2.087524124521849	0.0468999741789401	0.04853475027699245
1834.2275996164144	0.2140756675206601	2.090175315265242	0.046914470926913206	0.04851606914213941
1834.1793708705006	0.21417641185681874	2.0928327725684426	0.046932617484720794	0.04850528402795176
1834.122304196688	0.21425881375462208	2.0951217017245085	0.04695090033105568	0.048500182760989025
1834.0675876101784	0.21431651231610296	2.096820780881842	0.046966568600043335	0.04849648662154353
1834.0251570666546	0.21434856715459158	2.0978430771291414	0.04697861019588959	0.048491467776024456
1833.9988897976418	0.21435621307646854	2.0981918896025036	0.04698757071419184	0.048484569102092076
1833.9863852004435	0.2143432896724318	2.0979721840940897	0.0469943331760947	0.048476065292706975
1833.9822188008086	0.21431768290146802	2.097402937011452	0.04699888893685311	0.04846632602163607
1833.9814299418967	0.21428849361177277	2.096728390200383	0.04700014949479989	0.04845645867372379
1833.9814493186757	0.21425946998699588	2.0960525358229347	0.04699702438311007	0.04844907810014453
1833.982713775264	0.21422532888395746	2.0952495561231217	0.04698999417811161	0.04844776488066347
1833.9886423208843	0.214175561120409	2.094052710013159	0.04698182571508588	0.04845487617793303
1834.0046690669346	0.214102719413647	2.0922536629682327	0.04697647686165436	0.04846902201098378
1834.035358734679	0.21400804260633022	2.0898520804614122	0.04697666093981403	0.048484517261863036
1834.0798314523515	0.21390073354867328	2.0870682278924164	0.046981891309346185	0.048493910599915806
1834.1284515729562	0.213793581373872	2.084262267746226	0.04698868962828971	0.04849198042010854
1834.1649364178709	0.21369956659769349	2.081841455155086	0.04699285603313727	0.04847819594461186
1834.174543543814	0.21363033858613453	2.0801716564014328	0.046991984538188876	0.04845625199593701
1834.1530111389359	0.2135938224807704	2.0794639796251317	0.04698645701463723	0.04843191568595675
1834.109379012093	0.21358983871908388	2.0796551230329783	0.046978622570293026	0.04841099100079132
1834.0607604075149	0.21360721252199238	2.0803744121763543	0.046971177464688416	0.048397973554499
1834.0236565678533	0.21362683901572474	2.0810711812154636	0.046965940535701516	0.048395188497677405
1834.0083140668044	0.21363042816555514	2.081254227553984	0.046963566778349314	0.04840240576176464
1834.017919045645	0.21360891634519008	2.0806924306488668	0.04696398558982125	0.048417137845177684
1834.0492530208796	0.21356432727557925	2.0794538459985574	0.04696691951037495	0.04843561347419695
1834.0922750058612	0.2135053418555783	2.077805469452983	0.04697194610076971	0.048454201008970285
1834.130882893595	0.21344254956690864	2.0760978481054053	0.046978185321089744	0.04847088441766432
1834.1485326150698	0.21338702369858464	2.0746953670178527	0.04698429702299569	0.048486099764902334
1834.1371599508334	0.2133499045244946	2.073908600249979	0.04698918165516671	0.04850229673797298
1834.1021791847697	0.21334012619174375	2.0739092672558854	0.0469926608648777	0.04852237243659181
1834.0585253791733	0.21336133549594036	2.0746847616139803	0.046995165263727934	0.04854792103874143
1834.0209783294933	0.21341052375266117	2.076069444540792	0.04699669327109543	0.04857802123820783
1833.9968358118865	0.21347854083705903	2.0778040374514717	0.04699626937772198	0.048608550836617734
1833.9853466248073	0.21355061968997707	2.079551125897069	0.046992628898967624	0.04863227275848657
1833.9817412434788	0.2136067600160886	2.080877533100022	0.04698553721893551	0.04864067344600391
1833.981388729709	0.21362532781179486	2.081310840823278	0.046976363415157686	0.048627896963964766
1833.9816582243684	0.21359206375311118	2.0805369522770434	0.04696733072711256	0.048595019061410435
1833.9817332999671	0.2135100095606249	2.0786322895365856	0.046960463499281346	0.04855147846707402
1833.9816756133364	0.21340201836082057	2.0761276624347715	0.04695734244594629	0.04851171701511734
1833.981669019726	0.21330204886646958	2.0738098663844653	0.04695926761322967	0.04848848962511153
1833.9816956215757	0.21323948167168383	2.0723595767971688	0.0469668205619576	0.04848704782918119
1833.9815845159528	0.2132253934556625	2.0720338336860777	0.046979018316550915	0.04850376590057744
1833.9814250582142	0.21324890178283845	2.0725796386707884	0.046993198151222104	0.04852922726093987
1833.9823639374063	0.21328547583757218	2.073421197250582	0.047006025270202846	0.048552846802152785
1833.9874737379473	0.2133110493409694	2.0739807729917743	0.04701492286218578	0.048566343941514344
1834.0017883392331	0.21331280669774605	2.073928465829283	0.04701915831196106	0.04856556946190863
1834.030454588285	0.21329126411166704	2.073242773227321	0.04702008501836215	0.04855114819308606
1834.0751170932376	0.2132540962183914	2.0720910211267665	0.047020158360203824	0.04852771438758123
1834.1308904137336	0.21320693459585358	2.0706356308818386	0.047021066297369796	0.04850169218411419
1834.1872525094063	0.2131483531728436	2.068912110085364	0.047022385066646084	0.04847876350109429
1834.2333696022065	0.21307274786610034	2.0668613176127906	0.04702203390810911	0.04846227141806139
1834.2637296799235	0.21297782094199125	2.0644663018770757	0.047018187691477774	0.04845269764724426
1834.2795371954408	0.21286978615580687	2.0618635632961855	0.047010949709654436	0.0484477598121607
1834.2856647265617	0.21276217646197973	2.0593347972014158	0.047002413387043106	0.04844317786111353
1834.2863092399234	0.2126697449958123	2.0571937012561534	0.046995257196428095	0.04843452046177416
1834.2823026377423	0.21260239179275733	2.055663181321563	0.04699109911381799	0.04841978460445856
1834.271342289831	0.21256281512915876	2.054820010800995	0.0469897133120209	0.048401196547802776
1834.251022938789	0.21254787964578115	2.054607047174443	0.04698947590203283	0.048384555902931614
1834.2231441670394	0.21255139759837754	2.0548695287968144	0.046988656814045814	0.04837599801408239
1834.1960206066592	0.21256633148684204	2.055390840006112	0.04698663669390823	0.04837827991589762
1834.1813945548172	0.21258608302239473	2.055942252323632	0.04698418373512685	0.04838926411956413
1834.186674278261	0.2126054588351161	2.05635563605739	0.04698275067737616	0.048403441332747904
1834.2091345767665	0.21262133177526002	2.056576437198146	0.0469836108676183	0.048414885619910794
1834.2381151187506	0.21263252602550098	2.056646757117676	0.04698755093197337	0.04841940584347421
1834.2628141670925	0.21263917770875335	2.0566399365475263	0.0469949874855421	0.04841536000613491
1834.2781321628736	0.21264237494512597	2.0566142607245297	0.04700589675898336	0.048404134685462806
1834.2849002172834	0.21264410103400905	2.0566101603589004	0.0470192751753544	0.04839065482420737
1834.2866505386628	0.21264676337531124	2.056660313788541	0.04703251665218801	0.048382806384478956
1834.2865667624503	0.21265239642108763	2.0567910485337393	0.047041590935179	0.04838870050320309
1834.2863006974098	0.21266212571211102	2.0570176478592543	0.04704264699258708	0.04841259365495384
1834.286264901146	0.21267536263953168	2.0573238372116407	0.047034326607163404	0.04845196765695994
1834.286352489992	0.21268856665883182	2.057628482218661	0.04701881790401204	0.04849785407490531
1834.2864209138397	0.21269529568049647	2.0577835875741926	0.047000435663608016	0.04853834841196346
1834.286432557913	0.21268890967591594	2.057635890949598	0.04698291160544639	0.04856337122414975
1834.2864148661017	0.21266676975252582	2.0571242454384446	0.04696776035565529	0.048568338762662686
1834.286398478975	0.21263290601602863	2.056341696894947	0.046954762580803236	0.04855534799210574
1834.286393589407	0.21259628677278064	2.055495523872537	0.04694356128677531	0.04853181475438299
1834.2863960603229	0.21256468165922585	2.054765283497545	0.04693467932892031	0.048507506108815795
1834.2863994883476	0.21253871732001733	2.054165443200361	0.04692922763712636	0.04849110588527117
1834.2864009889145	0.21251175711546397	2.0535426841031494	0.046927910207493574	0.048487041186088466
1834.2864008393094	0.21247554755936582	2.052706406330458	0.046930308872564726	0.04849345842686731
1834.2864002291672	0.21242581242608946	2.051557975210301	0.046934882809193106	0.04850286169642137
1834.2863998694145	0.21236335172481385	2.0501160632981055	0.0469395360649653	0.04850591359361293
1834.2863998345852	0.21229183807720656	2.048465662773708	0.04694240798809854	0.04849626602928279
1834.2863999330507	0.21221602131167783	2.0467165388573108	0.046942599400998423	0.048473402953196965
1834.2864000106163	0.21214158464012844	2.0449998405282486	0.04694066399323187	0.048442575522027805
1834.286400029145	0.21207482403422223	2.0434606660812165	0.04693864572490818	0.04841284535372745
1834.2864000151426	0.21202081412024748	2.0422158025410226	0.04693928991142112	0.04839402000891661
1834.2863999995886	0.21198122459493038	2.0413035058577407	0.04694456240660952	0.04839293468272033
1834.2863999940566	0.2119534867271845	2.0406644153187585	0.04695446146161245	0.04841043331581485
1834.2863999949404	0.2119316678279367	2.0401617566008667	0.04696697870946427	0.04844069413978563
1834.286399997583	0.21190843000238158	2.0396264638563935	0.04697913624969512	0.04847324448621354
1834.2863999995795	0.21187715519671765	2.0389061253827663	0.046988348221433725	0.04849668515065877
1834.2864000001098	0.2118335892901329	2.0379028624474813	0.046993438258287584	0.04850298579403008
1834.2863999999513	0.211776784677898	2.0365950291796935	0.046995303144033204	0.048491083782068366
1834.2863999981805	0.2117086304938858	2.0350263370149833	0.046997412904337225	0.048467781002784
1834.2863999950714	0.211631397238403	2.0332492621678853	0.04700582641274502	0.04844465215772889
1834.2863999943675	0.21154514385664877	2.031265380695345	0.047028266731596484	0.04843253286296599
1834.2864000020973	0.21144832581417278	2.0290394345927893	0.04707236491270715	0.04843700711913959
1834.2864000196355	0.21134193878505125	2.0265946209955246	0.04714368608982252	0.04845700642082233
1834.1337880472618	0.1944210480204795	2.0586482609502923	0.05087771454815756	0.054942875981013474
1834.1899218463477	0.19443552889949253	2.0328687631571256	0.050890282896806936	0.054959890823564526
1834.2354132269868	0.1944255984773375	1.998968363930544	0.050913289340358145	0.05495899894970944
1834.2650000797732	0.19439448776770285	1.964733746718366	0.050951229235778744	0.05494247365808271
1834.2800152245095	0.19434823068837223	1.9361899507243265	0.05100560172287519	0.05491971439593436
1834.2855053840194	0.19429123185870809	1.9160714628146707	0.05107370193821062	0.05490196178527296
1834.2865715362766	0.19422362936191537	1.9038916629816072	0.0511491989712509	0.05489675954224598
1834.286407319525	0.1941430574995402	1.8972651697326341	0.05122424272827118	0.05490503607423372
1834.2862649632157	0.19405035855822017	1.893589548220291	0.05129206025862188	0.05492191842342684
1834.2863091052598	0.19395467569429237	1.8912554726374537	0.051348886787816406	0.054940103261880764
1834.2863961676794	0.19387224134682116	1.8901072542605561	0.051394397214602795	0.05495333925121999
1834.2864339720268	0.1938173284269214	1.891336366134226	0.05143044213983737	0.054958257677691455
1834.2864253076477	0.19379143705387084	1.8970544783201717	0.051458851034792176	0.05495445027050621
1834.2864050090466	0.19378058891180056	1.9096102449454406	0.051479816095001164	0.05494369934228113
1834.2863941782073	0.19376402670212317	1.9306238397469428	0.05149202188934719	0.05492915458055256
1834.2863940564641	0.19372688399455193	1.9599546324012067	0.051494302409119834	0.0549147093353032
1834.286397865635	0.19366687334061006	1.9951635339184577	0.05148741451594035	0.054904347494546965
1834.2864005622218	0.1935919561169991	2.0319361965080702	0.05147460215716239	0.05490119992263182
1834.2864011067504	0.19351330904676517	2.0653855380759296	0.05146089478918946	0.05490647676060098
1834.2864005589606	0.19343977794739664	2.091681077111275	0.05145218382257817	0.05491869762081539
1834.2864000037187	0.19337696011291025	2.1092651929114368	0.051454774621342445	0.05493385213135056
1834.2863998145567	0.19332931984423676	2.119031056995368	0.051474779989568065	0.0549471347545803
1834.2863998747457	0.1933014484466807	2.1234097258009115	0.05151628503971769	0.05495551828935475
1834.286399978542	0.19329647586976711	2.1250274797491215	0.0515786446023772	0.054959027955895114
1834.2864000272796	0.19331309209725164	2.1257429379034534	0.05165507995486081	0.054959610060207796
1834.2864000247284	0.19334439413414684	2.126405979828803	0.05173450595626735	0.05495869081052773
1834.2864000066295	0.19338044310385005	2.1271544763308725	0.051806037624920934	0.054955348903263056
1834.2863999953395	0.19341282301611173	2.1278547271377306	0.05186330659680926	0.05494655504702841
1834.2863999938888	0.1934377778615681	2.1283986289287213	0.05190593443028903	0.0549298177550344
1834.2863999962724	0.19345664858234926	2.128800177237963	0.05193783701831253	0.0549064006227736
1834.2863999991619	0.19347427386996108	2.129166494238632	0.05196406297694484	0.05488188704013252
1834.2864000000184	0.1934959139485578	2.129617072910321	0.0519882450147577	0.05486311690354971
1834.286400000113	0.19352344308341313	2.1301950145111164	0.05201193587218578	0.054854220292735505
1834.2863999987596	0.19355287811130462	2.130815587660493	0.052035812700542076	0.054855075055691295
1834.2863999955562	0.1935759049315499	2.131301727796256	0.052061400064942455	0.05486296497460881
1834.2863999936847	0.19358571729540788	2.1315089894915786	0.05209146295860942	0.05487553108113487
1834.2863999994454	0.19358326747823318	2.131457388731576	0.05212828774595725	0.054892240969837726
1834.286400015947	0.19357881543694902	2.13136341922376	0.05217104923361339	0.05491296060488815
1834.286400031044	0.19358754885184606	2.131547272572277	0.05221466698686926	0.05493504847132553
1834.2864000126738	0.1936226321833617	2.1322864032975417	0.0522516646920108	0.05495235661046766
1834.2863999324534	0.19368959822968032	2.1336976678933866	0.05227602096530695	0.054958113580080646
1834.286399828794	0.19378343476040197	2.1356759952962534	0.05228616900688583	0.05494975440037525
1834.2863998613893	0.1938882999584012	2.1378879155167283	0.05228498582855334	0.05493148060135573
1834.2864002328276	0.19398034182602583	2.139830297642959	0.05227723551033328	0.05491237306361208
1834.2864008762544	0.19403393443219052	2.1409616818327777	0.05226704973465614	0.05490174576817963
1834.2864010620694	0.19403007996710087	2.1408802968073246	0.05225733801141777	0.05490496108277306
1834.2863995381	0.1939641832800309	2.1394892319303267	0.05225049191181621	0.05492174333502439
1834.2863959456724	0.19384997254948344	2.1370793603747984	0.05224870471700702	0.05494727083021975
1834.2863931695113	0.19371712643521877	2.1342780009272815	0.05225342690925933	0.054975123314384616
1834.286397815666	0.19360220370890704	2.131856053377703	0.05226471301868951	0.055000264418936164
1834.28641441601	0.1935358043975522	2.130457261115623	0.052281059506615546	0.055020188917147765
1834.2864331019844	0.19353170798899555	2.1303708650138447	0.05229963843802998	0.05503401770153581
1834.2864232000654	0.19358311674465248	2.131453778493892	0.05231671533863489	0.05504122729470341
1834.286357145123	0.19366679568080514	2.1332173772262877	0.052328322194464656	0.055041589476204515
1834.2862725753823	0.19375191955930882	2.13501230071347	0.05233128263820771	0.05503608962686052
1834.2863064114222	0.19381030474440197	2.1362432569858925	0.05232426623356883	0.0550274625227174
1834.2865247772897	0.19382583955645052	2.136569482870698	0.052308241792902437	0.055019560397237745
1834.2863536705463	0.19380014495646014	2.1360286831499025	0.052286023611413726	0.055015839988034686
1834.2836805037566	0.1937511115208843	2.1350121126263275	0.052261193643592115	0.05501784562809568
1834.2742815621846	0.1937042042616212	2.134084330935366	0.05223702702642728	0.05502468225530569
1834.2527017194384	0.19368137818078435	2.133743475995459	0.05221590581416702	0.05503390817866411
1834.215201995006	0.19369388914023958	2.13425092035925	0.05219917903059331	0.05504301925433184
1834.1634735828613	0.19374144790860182	2.1355897137302122	0.052187155269966055	0.0550500482918186
1834.105871806387	0.19381540495641644	2.1375236466767547	0.05217913345576859	0.0550529419771001
1834.05388332851	0.19390298301846232	2.1397090669817658	0.05217368080470538	0.055049030648479415
1834.0159976860596	0.19399182078427327	2.1418302222779744	0.052169370520965055	0.055035907735188495
1833.9940676584529	0.1940743448177789	2.143715159464989	0.05216567587744783	0.0550132923829128
1833.984443983897	0.19414968966155705	2.145369139910372	0.05216323493409137	0.05498407524410702
1833.981671348032	0.194221337627572	2.1469010427555872	0.052163182162800734	0.05495334976610727
1833.9814766938794	0.19429192132701148	2.148394240282016	0.052166223193506445	0.05492593019232732
1833.981694596719	0.1943590501380397	2.1498122836885045	0.05217224508307386	0.054904134710733556
1833.9817193934337	0.19441526166531367	2.151001211587186	0.05218050841060211	0.054887616397507194
1833.9816154234986	0.19445179267320253	2.1517749025445596	0.05219000277392712	0.05487535985087106
1833.9815472077682	0.1944628157034479	2.15200845631108	0.05219960411235281	0.05486787648025873
1833.9815877712322	0.19444721850480787	2.151677454080641	0.05220796996468436	0.05486739923538003
1833.9816956389614	0.194407866320685	2.1508431199244455	0.05221359982850718	0.05487587626918088
1833.9817238360338	0.19435011296699237	2.1496212465922895	0.05221548362938201	0.054892799864597594
1833.9815421664464	0.1942808346866955	2.14816032200946	0.05221397424282159	0.05491492389829077
1833.981489391823	0.19420781527174022	2.1466229153247696	0.052210950950694036	0.0549378099334498
1833.9832113771045	0.19413902013053072	2.145161516743144	0.05220885734889063	0.054957584858161254
1833.9904073072887	0.1940823242904595	2.1439091617132817	0.05220929915794125	0.054971716400759624
1834.0084208768017	0.19404583329057348	2.1430003892172635	0.052212342623929	0.05497887983283488
1834.0417899710467	0.19403676513025686	2.142578445078641	0.05221698729997348	0.05497867406282979
1834.0904717136618	0.19405726531599765	2.14271232732483	0.05222220305648478	0.05497163848504603
1834.1476531203239	0.19410003669067152	2.143197874422583	0.052227434106269933	0.05495927386516534
1834.2020783169335	0.19414966894718866	2.143300101935722	0.05223208641858813	0.05494382380721735
1834.243979314254	0.19419136713975546	2.1415515918613437	0.05223475397545421	0.05492821576317923
1834.2697564433658	0.19422058832458747	2.135767685212386	0.052233545210764676	0.05491626061168588
1834.281980954733	0.19424463933582586	2.123470537491187	0.052227908699202207	0.05491223147842168
1834.2860055559029	0.19427453206227419	2.1027996186689393	0.05222040671268286	0.05491909777026792
1834.2865702780532	0.1943148186471419	2.0736178427251843	0.05221621539800714	0.05493636379935137
1834.2863541821473	0.19436071134035718	2.038164521307408	0.05222005025636518	0.054959596556728725
1834.2862629818906	0.1944038723203427	2.0007225406673115	0.05223286371355653	0.05498238040147772
1834.2863313684675	0.19443949192827806	1.966316352898616	0.05225109491879579	0.0549991517077124
1834.28641075994	0.19446739585214873	1.9389799799670868	0.05226896996592352	0.05500686565201965
1834.2864348577143	0.19448780513014466	1.9204198491775628	0.052281839209576325	0.05500487796837362
1834.2864203365425	0.19449791913528025	1.9097975382964023	0.05228814429189271	0.05499403827101498
1834.2864012523135	0.19449333972978763	1.9046929066041116	0.052289072913555126	0.05497630423846636
1834.2863933944263	0.1944727114431461	1.9025131191514788	0.05228669614581525	0.054955180760595364
1834.2863948678967	0.1944407674791759	1.9014637563898873	0.052282348827168916	0.054935983836853615
1834.2863987118055	0.19440653253029194	1.9007332677632576	0.052276467945395	0.05492454001761139
1834.2864008690033	0.19437821107361491	1.9001440368441536	0.05226930546715496	0.05492439327728929
1834.286401027039	0.1943590353491147	1.899719492023678	0.05226113210770811	0.05493461451443146
1834.2864003902082	0.19434600344948325	1.8994249346387733	0.052251812540473584	0.05495010564482131
1834.2863998965267	0.19433044872619448	1.8990913108348195	0.05224078850663771	0.05496413529353649
1834.2863997915595	0.19430011055894383	1.8984539993714975	0.05222786329840902	0.05497149387366527
1834.286399939607	0.1942437288775338	1.8972661660015433	0.05221397108499772	0.054970683515780425
1834.2864001395221	0.19415735044848068	1.895441025146397	0.052201048962084204	0.054964014474485706
1834.286400195569	0.19404876374635768	1.893144860626478	0.052191076935776154	0.05495564502840077
1834.2863999140648	0.19393645055506573	1.890770745390114	0.0521851187554664	0.05494917488524952
1834.2863992848968	0.1938424781847267	1.8887857108255162	0.052183054637254346	0.05494654744095477
1834.2863988604079	0.1937829295502122	1.8875286563914528	0.0521839355650551	0.05494829228780025
1834.286399833037	0.1937615103528792	1.8870767741865393	0.05218642362303585	0.05495373906116764
1834.2864030009055	0.19376977400124915	1.8872512822480303	0.05218902304217983	0.05496071263813125
1834.2864065117867	0.19379303767427802	1.8877422935378263	0.052190381153358535	0.05496576991232063
1834.2864044869	0.19381807007823257	1.8882706852437536	0.05218997998619999	0.054965574286367405
1834.2863908478923	0.1938385293793461	1.8887026693436724	0.05218872206263641	0.05495843955563852
1834.2863705097923	0.19385644049924214	1.8890809553711279	0.05218846192410864	0.05494499529650686
1834.2863693940415	0.19387998589703465	1.889578137105957	0.05219047547345885	0.05492803044094555
1834.2864206290167	0.19391798662267865	1.8903803341435719	0.05219417625727491	0.05491182161011215
