3579.05	3506.33
3579.60	3506.78
3580.42	3507.38
3581.18	3507.86
3581.53	3508.13
3581.20	3508.39
3580.13	3508.90
3578.39	3509.68
3576.20	3510.31
3573.81	3510.29
3571.60	3509.41
3569.93	3507.93
3569.11	3506.38
3569.29	3505.25
3570.37	3504.77
3572.10	3504.97
3574.12	3505.76
3576.04	3506.96
3577.58	3508.34
3578.55	3509.58
3578.98	3510.42
3579.05	3510.67
3579.09	3510.30
3579.49	3509.45
3580.46	3508.32
3581.93	3507.12
3583.50	3506.02
3584.59	3505.14
3584.75	3504.62
3583.87	3504.58
3582.19	3504.97
3580.12	3505.56
3578.10	3506.06
3576.46	3506.37
3575.39	3506.66
3574.94	3507.19
3575.05	3508.11
3575.54	3509.35
3576.29	3510.69
3577.20	3511.91
3578.22	3512.86
3579.23	3513.47
3580.03	3513.61
3580.45	3513.08
3580.45	3511.75
3580.19	3509.72
3579.91	3507.46
3579.82	3505.64
3579.97	3504.68
3580.22	3504.57
3580.41	3504.97
3580.47	3505.59
3580.45	3506.44
3580.51	3507.66
3580.74	3509.23
3581.15	3510.98
3581.67	3512.69
3582.19	3514.20
3582.64	3515.41
3582.90	3516.19
3582.83	3516.26
3582.27	3515.39
3581.28	3513.70
3580.13	3511.86
3579.22	3510.91
3578.86	3511.61
3579.11	3513.79
3579.69	3516.29
3580.15	3517.72
3580.11	3517.31
3579.48	3515.32
3578.50	3512.70
3577.57	3510.43
3577.01	3509.14
3576.90	3509.01
3577.18	3509.85
3577.72	3511.24
3578.48	3512.70
3579.45	3513.93
3580.62	3514.89
3581.88	3515.68
3582.98	3516.33
3583.58	3516.56
3583.26	3516.07
3581.72	3514.80
3578.99	3513.13
3575.42	3511.67
3571.60	3510.68
3568.05	3509.95
3565.13	3508.99
3563.07	3507.54
3561.97	3505.77
3561.83	3504.16
3562.48	3503.14
3563.60	3502.81
3564.94	3502.99
3566.37	3503.34
3567.86	3503.51
3569.30	3503.33
3570.46	3502.91
3571.08	3502.67
3571.06	3503.10
3570.60	3504.42
3570.08	3506.42
3569.93	3508.47
3570.38	3509.91
3571.40	3510.43
3572.77	3510.15
3574.20	3509.44
3575.45	3508.73
3576.38	3508.19
3576.90	3507.80
3577.01	3507.43
3576.75	3506.97
3576.24	3506.51
3575.65	3506.29
3575.14	3506.61
3574.84	3507.58
3574.83	3509.03
3575.18	3510.52
3575.90	3511.59
3576.79	3511.89
3577.51	3511.40
3577.79	3510.40
3577.57	3509.40
3577.05	3508.92
3576.59	3509.29
3576.41	3510.40
3576.49	3511.86
3576.48	3513.14
3576.02	3514.00
3574.97	3514.48
3573.53	3514.77
3572.15	3514.99
3571.26	3515.10
3571.03	3515.01
3571.30	3514.63
3571.61	3513.91
3571.52	3512.78
3570.78	3511.27
3569.44	3509.57
3567.72	3508.10
3565.89	3507.42
3564.25	3507.94
3563.19	3509.68
3563.01	3512.14
3563.77	3514.57
3565.18	3516.28
3566.76	3517.01
3568.07	3516.94
3568.86	3516.43
3569.14	3515.75
3569.07	3514.99
3568.85	3514.08
3568.61	3513.05
3568.39	3512.12
3568.13	3511.56
3567.76	3511.59
3567.29	3512.04
3566.66	3512.20
2752.30	2807.50
2753.03	2808.94
2753.79	2809.97
2754.32	2810.46
2754.42	2810.63
2754.06	2810.90
2753.50	2811.62
2753.12	2812.79
2753.14	2814.14
2753.44	2815.31
2753.63	2816.09
2753.34	2816.50
2752.45	2816.67
2751.25	2816.75
2750.34	2816.89
2750.26	2817.20
2751.22	2817.75
2752.94	2818.57
2754.85	2819.59
2756.39	2820.64
2757.21	2821.43
2757.33	2821.63
2756.93	2821.14
2756.27	2820.18
2755.50	2819.22
2754.79	2818.85
2754.33	2819.47
2754.30	2821.25
2754.77	2824.07
2755.62	2827.62
2756.51	2831.47
2757.02	2835.16
2756.84	2838.22
2755.91	2840.32
2754.43	2841.39
2752.80	2841.55
2751.39	2841.07
2750.36	2840.29
2749.70	2839.61
2749.25	2839.43
2748.89	2840.06
2748.60	2841.63
2748.46	2843.97
2748.62	2846.59
2749.17	2848.85
2750.10	2850.13
2751.24	2850.14
2752.28	2849.08
2752.92	2847.49
2752.94	2846.07
2752.29	2845.35
2751.03	2845.54
2749.35	2846.49
2747.47	2847.81
2745.59	2849.00
2743.88	2849.65
2742.51	2849.54
2741.63	2848.75
2741.32	2847.58
2741.54	2846.43
2742.11	2845.51
2742.81	2844.79
2743.47	2844.22
2744.08	2843.92
2744.76	2844.27
2745.66	2845.51
2746.79	2847.46
2747.98	2849.50
2748.91	2850.93
2749.27	2851.38
2748.91	2851.03
2747.94	2850.42
2746.72	2850.15
2745.62	2850.51
2744.90	2851.36
2744.64	2852.33
2744.74	2853.14
2745.16	2853.72
2745.89	2854.17
2747.00	2854.64
2748.52	2855.18
2750.31	2855.77
2752.04	2856.33
2753.30	2856.77
2753.71	2857.04
2753.11	2857.12
2751.63	2857.12
2749.70	2857.16
2747.91	2857.36
2746.75	2857.66
2746.49	2857.88
2747.11	2857.76
2748.41	2857.08
2750.07	2855.76
2751.73	2853.80
2753.07	2851.38
2753.94	2848.87
2754.39	2846.75
2754.59	2845.47
2754.68	2845.20
2754.62	2845.79
2754.29	2846.95
2753.63	2848.40
2752.78	2849.86
2752.11	2851.04
2752.00	2851.65
2752.64	2851.47
2753.90	2850.51
2755.36	2848.99
2756.57	2847.30
2102.09	2326.77
2103.41	2328.86
2104.83	2331.23
2105.98	2333.76
2106.62	2336.09
2106.78	2337.68
2106.66	2338.07
2106.46	2337.08
2106.25	2334.98
2105.97	2332.44
2105.54	2330.26
2104.96	2328.94
2104.36	2328.43
2103.87	2328.26
2103.56	2327.93
2103.37	2327.22
2103.15	2326.25
2102.74	2325.37
2102.14	2324.93
2101.47	2325.12
2101.00	2325.84
2100.97	2326.79
2101.41	2327.62
2102.15	2328.17
2102.94	2328.44
2103.56	2328.50
2103.97	2328.40
2104.23	2328.20
2104.46	2327.95
2104.62	2327.73
2104.62	2327.54
2104.39	2327.35
2103.98	2327.15
2103.52	2326.97
2103.14	2326.86
2102.89	2326.87
2102.81	2327.03
2102.98	2327.27
2103.45	2327.44
2104.20	2327.38
2105.06	2327.04
2105.70	2326.50
2105.79	2325.96
2105.21	2325.49
2104.09	2325.08
2102.73	2324.72
2101.41	2324.55
2100.21	2324.87
2099.10	2325.85
2098.01	2327.34
2096.98	2328.84
2096.20	2329.75
2095.88	2329.70
2096.18	2328.75
2097.04	2327.29
2098.26	2325.84
2099.59	2324.79
2100.81	2324.32
2101.80	2324.49
2102.57	2325.31
2103.14	2326.73
2103.55	2328.61
2103.77	2330.70
2103.72	2332.71
2103.26	2334.44
2102.35	2335.75
2101.11	2336.58
2099.81	2336.93
2098.83	2336.93
2098.44	2336.81
2098.72	2336.77
2099.51	2336.85
2100.50	2336.89
2101.36	2336.66
2101.93	2336.06
2102.20	2335.17
2102.37	2334.34
2102.63	2333.92
2103.13	2334.03
2103.83	2334.47
2104.64	2334.76
2105.40	2334.50
2105.94	2333.66
2106.13	2332.65
2105.92	2332.00
2105.39	2332.11
2104.76	2333.00
2104.30	2334.27
2104.17	2335.35
2104.35	2335.69
2104.65	2335.03
2104.86	2333.44
2104.82	2331.20
2104.53	2328.82
2104.17	2326.85
2103.93	2325.76
2103.86	2325.72
2103.84	2326.48
2103.64	2327.57
2103.10	2328.50
2102.28	2329.05
2101.37	2329.28
2100.61	2329.37
2100.17	2329.43
2100.13	2329.41
2100.51	2329.21
2101.34	2328.81
2102.59	2328.38
2104.14	2328.18
2105.73	2328.36
2107.02	2328.77
2107.72	2329.08
2107.80	2329.08
2107.51	2328.91
2107.26	2329.00
2107.32	2329.66
2107.75	2330.86
2108.32	2332.21
2108.74	2333.27
2108.79	2333.84
2108.43	2334.02
2107.80	2334.10
2107.07	2334.26
2106.39	2334.47
2105.84	2334.48
2105.46	2334.14
2105.24	2333.55
2105.15	2333.13
2105.22	2333.25
2105.52	2333.97
2106.10	2334.94
2106.90	2335.65
2107.79	2335.72
2108.63	2335.13
2109.30	2334.12
2109.77	2333.00
2110.09	2331.91
2110.28	2330.86
2110.41	2329.82
2110.53	2328.91
2110.66	2328.34
2110.80	2328.35
2110.80	2329.00
2110.52	2330.09
2109.85	2331.23
2108.88	2331.95
2107.79	2332.02
2106.84	2331.51
2106.14	2330.77
2105.64	2330.17
2105.18	2329.84
2104.66	2329.69
2104.15	2329.61
2103.79	2329.59
2103.67	2329.81
2103.80	2330.41
2104.10	2331.38
2104.43	2332.45
2104.59	2333.21
2104.41	2333.39
2103.88	2333.01
2103.22	2332.33
2102.70	2331.67
2102.47	2331.23
2102.48	2331.03
2102.49	2331.00
2102.35	2331.11
2102.10	2331.38
2101.94	2331.80
2102.08	2332.26
1846.16	1904.46
1845.53	1904.86
1844.78	1904.51
1843.96	1903.64
1843.10	1902.52
1842.27	1901.43
1841.57	1900.67
1841.13	1900.48
1841.06	1900.93
1841.40	1901.86
1842.08	1902.97
1842.94	1903.94
1843.76	1904.55
1844.37	1904.72
1844.75	1904.51
1845.01	1904.10
1845.37	1903.74
1846.02	1903.63
1847.01	1903.87
1848.22	1904.42
1849.38	1905.11
1850.17	1905.81
1850.29	1906.49
1849.58	1907.12
1848.07	1907.64
1846.09	1907.88
1844.19	1907.72
1842.94	1907.19
1842.68	1906.39
1843.26	1905.47
1844.11	1904.45
1844.53	1903.25
1844.04	1901.80
1842.56	1900.22
1840.40	1898.78
1838.05	1897.73
1835.98	1897.07
1834.52	1896.56
1833.86	1895.82
1833.99	1894.70
1407.69	1497.77
1407.69	1497.84
1407.70	1497.09
1407.61	1495.89
1407.40	1494.84
1407.17	1494.49
1407.00	1495.07
1406.89	1496.40
1406.73	1498.05
1406.39	1499.60
1405.78	1500.79
1405.00	1501.58
1404.28	1502.01
1403.88	1502.08
1403.96	1501.83
1404.53	1501.38
1405.43	1500.93
1406.39	1500.73
1407.15	1500.90
1407.58	1501.40
1407.71	1501.98
1407.75	1502.20
1407.94	1501.69
1408.42	1500.34
1409.17	1498.40
1410.01	1496.38
1410.66	1494.70
1410.88	1493.61
1410.58	1493.10
1409.87	1493.10
1409.02	1493.58
1408.27	1494.48
1407.78	1495.60
1407.57	1496.63
1407.56	1497.32
1407.63	1497.66
1407.68	1497.89
1407.70	1498.34
1407.71	1499.20
1407.84	1500.39
1408.19	1501.49
1408.82	1501.92
1409.67	1501.26
1410.59	1499.49
1411.42	1497.07
1412.04	1494.76
1412.45	1493.26
1412.63	1492.92
1412.58	1493.71
1412.24	1495.33
1411.59	1497.36
1410.73	1499.34
1409.84	1500.90
1409.14	1501.78
1408.77	1501.95
1408.75	1501.60
1409.00	1501.08
1409.42	1500.81
1409.98	1501.04
1410.66	1501.77
1411.43	1502.68
1412.20	1503.33
1412.82	1503.40
1413.17	1502.85
1413.26	1501.96
1413.19	1501.08
1413.13	1500.47
1413.16	1500.16
1413.22	1500.01
1413.22	1499.90
1413.03	1499.81
1412.60	1499.90
1411.91	1500.27
1411.04	1500.87
1410.16	1501.47
1409.47	1501.81
1409.15	1501.74
1409.19	1501.24
1409.43	1500.34
1409.69	1499.19
1409.86	1498.03
1409.94	1497.09
1409.96	1496.51
1409.92	1496.18
1409.83	1495.89
1409.77	1495.43
1409.87	1494.82
1410.27	1494.28
1410.96	1494.12
1411.79	1494.58
1412.51	1495.77
1412.91	1497.70
1412.91	1500.28
1412.56	1503.29
1411.94	1506.30
1411.21	1508.70
1410.52	1509.93
1410.03	1509.79
1409.85	1508.58
1410.05	1506.95
1410.58	1505.53
1411.34	1504.57
1412.15	1504.01
1412.88	1503.61
1413.48	1503.20
1413.98	1502.77
1414.41	1502.30
1414.74	1501.80
1414.90	1501.31
1414.80	1500.96
1414.49	1500.99
1414.16	1501.56
1414.07	1502.62
1414.36	1503.82
1414.98	1504.71
1415.70	1504.93
1416.23	1504.41
1416.38	1503.33
1416.16	1501.99
1415.70	1500.76
1415.21	1499.93
1414.84	1499.70
1414.68	1500.11
1414.77	1501.05
1415.08	1502.28
1415.55	1503.56
1416.11	1504.75
1416.63	1505.82
1417.02	1506.88
1417.24	1508.09
1417.32	1509.53
1417.26	1511.15
1417.03	1512.74
1416.60	1513.92
1416.03	1514.25
1415.44	1513.44
1415.01	1511.59
1414.85	1509.27
1414.98	1507.25
1415.38	1506.18
1416.00	1506.28
1416.75	1507.31
1417.51	1508.75
1418.15	1510.03
1418.60	1510.75
1418.84	1510.70
1418.97	1509.92
1419.09	1508.66
1419.29	1507.28
1419.55	1506.11
1419.76	1505.38
1419.82	1505.11
1419.72	1505.14
1419.53	1505.20
1419.38	1504.97
1419.34	1504.30
1419.37	1503.32
1419.39	1502.37
1419.33	1501.85
1419.16	1501.94
1418.96	1502.52
1418.82	1503.30
1418.83	1503.94
1419.03	1504.18
1419.45	1503.92
1420.08	1503.25
1420.86	1502.45
1421.62	1501.98
1422.14	1502.31
1422.17	1503.69
1421.65	1505.98
1420.70	1508.66
1419.61	1511.03
1418.61	1512.53
1417.79	1512.89
1417.13	1512.22
1416.58	1510.94
1416.15	1509.60
1415.91	1508.71
1415.91	1508.55
1416.16	1509.04
1416.57	1509.75
1417.02	1510.12
1417.40	1509.76
1417.63	1508.64
1417.73	1507.04
1417.81	1505.48
1418.00	1504.53
1418.43	1504.59
1419.08	1505.71
1419.88	1507.56
1420.66	1509.56
1421.29	1511.04
1421.71	1511.55
1421.98	1511.02
1422.31	1509.84
1423.02	1508.71
1424.58	1508.25
1428.33	1508.81
1432.83	1510.32
1707.42	1954.21
1708.30	1955.38
1709.95	1955.58
1712.57	1954.89
1716.20	1953.82
1720.67	1953.04
1725.58	1953.03
1730.47	1953.86
1734.95	1955.25
1738.76	1956.72
1741.82	1957.83
1743.59	1958.31
1745.38	1958.13
1746.63	1957.43
1747.31	1956.45
1747.40	1955.50
1746.97	1954.85
1746.21	1954.69
1745.43	1955.08
1744.98	1955.92
1745.25	1956.97
1746.57	1957.89
1749.18	1958.48
1753.01	1958.70
1757.63	1958.68
1762.40	1958.51
1766.67	1958.17
1770.07	1957.51
1772.60	1956.39
1774.49	1954.87
1776.04	1953.29
1777.45	1952.05
1778.82	1951.41
1780.18	1951.35
1781.67	1951.76
1783.49	1952.50
1785.75	1953.54
1788.39	1954.84
1791.05	1956.17
1793.20	1957.12
1794.47	1957.24
1794.77	1956.38
1794.34	1954.88
1793.55	1953.37
1792.74	1952.52
1792.16	1952.73
1791.96	1954.00
1792.24	1955.99
1792.98	1958.19
1794.07	1960.16
1795.30	1961.63
1796.46	1962.50
1797.33	1962.76
1797.76	1962.48
1797.65	1961.83
1797.02	1961.09
1795.98	1960.55
1794.70	1960.41
1793.34	1960.71
1792.02	1961.30
1790.79	1961.94
1789.71	1962.45
1788.80	1962.70
1788.04	1962.60
1787.40	1962.03
1786.82	1960.89
1786.31	1959.19
1785.90	1957.12
1785.65	1954.96
1785.60	1953.01
1785.74	1951.43
1786.05	1950.21
1786.51	1949.32
1787.06	1948.82
1787.63	1948.84
1788.11	1949.51
1788.42	1950.76
1788.57	1952.37
1788.63	1954.05
1788.73	1955.52
1788.96	1956.60
1789.27	1957.17
1789.60	1957.20
1789.86	1956.71
1790.05	1955.80
1790.18	1954.69
1790.23	1953.60
1790.10	1952.80
1789.75	1952.55
1789.31	1953.00
1789.09	1954.11
1789.39	1955.61
1790.25	1957.10
1791.45	1958.23
1792.62	1958.78
1793.45	1958.70
1793.87	1958.06
1793.97	1957.01
1793.91	1955.79
1793.75	1954.72
1793.51	1954.14
1793.16	1954.23
1792.73	1954.93
1792.20	1955.94
1791.58	1956.86
1790.89	1957.42
1790.22	1957.57
1789.73	1957.47
1789.48	1957.34
1789.50	1957.34
1789.69	1957.52
1789.95	1957.84
1790.18	1958.25
1790.31	1958.66
1790.31	1958.88
1790.20	1958.78
1790.06	1958.27
1789.98	1957.37
1790.02	1956.24
1790.12	1955.10
